Phase,RACIPE,DSGRN,JSD,Parameter,nState
0010-0012-0302,2.718129926610492e-4,2.718129926610492e-4,0.9467592478619267,Phase,3
0010-0013-0210-0303,2.718129926610492e-4,0,0.9467592478619267,Phase,3
0010-0013-0300-0303,0.001359064963305246,0,0.9467592478619267,Phase,3
0010-0013-0303,0.005436259853220984,0,0.9467592478619267,Phase,3
0010-0013-0303-0310,8.154389779831476e-4,0,0.9467592478619267,Phase,3
0010-0013-0313,2.718129926610492e-4,0,0.9467592478619267,Phase,3
0010-0100-0300-0303,5.436259853220984e-4,0,0.9467592478619267,Phase,3
0010-0102-0300-0302,2.718129926610492e-4,0,0.9467592478619267,Phase,3
0010-0113-0210-0300-0303,2.718129926610492e-4,0,0.9467592478619267,Phase,3
0010-0113-0300-0303,2.718129926610492e-4,0,0.9467592478619267,Phase,3
0010-0113-0303,0.001359064963305246,2.718129926610492e-4,0.9467592478619267,Phase,3
0010-0113-0303-0310,2.718129926610492e-4,0,0.9467592478619267,Phase,3
0010-0113-0403,0,0.0046208208752378365,0.9467592478619267,Phase,3
0010-0200-0300-0303,2.718129926610492e-4,0,0.9467592478619267,Phase,3
0010-0200-0403,0,0.0035335689045936395,0.9467592478619267,Phase,3
0010-0210-0300-0303,5.436259853220984e-4,0,0.9467592478619267,Phase,3
0010-0210-0303,8.154389779831476e-4,0,0.9467592478619267,Phase,3
0010-0213-0403,0,0.0032617559119325905,0.9467592478619267,Phase,3
0010-0300,5.436259853220984e-4,0,0.9467592478619267,Phase,3
0010-0300-0303,0.014406088611035607,0,0.9467592478619267,Phase,3
0010-0300-0403,0,0.0032617559119325905,0.9467592478619267,Phase,3
0010-0303,0.002718129926610492,0,0.9467592478619267,Phase,3
0010-0303-0310,0.002446316933949443,0,0.9467592478619267,Phase,3
0010-0313-0403,0,8.154389779831476e-4,0.9467592478619267,Phase,3
0010-0400-0403,0,0.0010872519706441968,0.9467592478619267,Phase,3
0011-0013-0213-0301-0303,2.718129926610492e-4,0,0.9467592478619267,Phase,3
0011-0013-0301-0303,5.436259853220984e-4,0,0.9467592478619267,Phase,3
0011-0013-0303-0311,2.718129926610492e-4,0,0.9467592478619267,Phase,3
0011-0113-0301-0303,2.718129926610492e-4,0,0.9467592478619267,Phase,3
0011-0113-0403,0,2.718129926610492e-4,0.9467592478619267,Phase,3
0011-0211-0301-0303,2.718129926610492e-4,0,0.9467592478619267,Phase,3
0011-0213-0403,0,2.718129926610492e-4,0.9467592478619267,Phase,3
0011-0301-0303,0.001359064963305246,0,0.9467592478619267,Phase,3
0011-0303,2.718129926610492e-4,0,0.9467592478619267,Phase,3
0011-0303-0311,2.718129926610492e-4,0,0.9467592478619267,Phase,3
0013-0110-0303,2.718129926610492e-4,0,0.9467592478619267,Phase,3
0101-0301-0303-1001,2.718129926610492e-4,0,0.9467592478619267,Phase,3
0102-0210-0300-0302-1002-1010,2.718129926610492e-4,0,0.9467592478619267,Phase,3
0102-0300-1002-1010,2.718129926610492e-4,0,0.9467592478619267,Phase,3
0110-0112-0302-0310-1010,2.718129926610492e-4,0,0.9467592478619267,Phase,3
0110-0113-0303-0310-1010-1013,2.718129926610492e-4,0,0.9467592478619267,Phase,3
0110-0113-0403,0,0.001359064963305246,0.9467592478619267,Phase,3
0110-0202-1010,0,2.718129926610492e-4,0.9467592478619267,Phase,3
0110-0212-1010,0,8.154389779831476e-4,0.9467592478619267,Phase,3
0110-0213-0303-0310-1010-1013,2.718129926610492e-4,0,0.9467592478619267,Phase,3
0110-0213-0403,0,0.005436259853220984,0.9467592478619267,Phase,3
0110-0213-1010,0,0.0016308779559662953,0.9467592478619267,Phase,3
0110-0300-0302,0,2.718129926610492e-4,0.9467592478619267,Phase,3
0110-0300-0302-1010,2.718129926610492e-4,0,0.9467592478619267,Phase,3
0110-0300-0302-1010-1012,2.718129926610492e-4,0,0.9467592478619267,Phase,3
0110-0300-0303,0.001359064963305246,0,0.9467592478619267,Phase,3
0110-0300-0303-1010,0.002718129926610492,0,0.9467592478619267,Phase,3
0110-0300-0303-1010-1013,5.436259853220984e-4,0,0.9467592478619267,Phase,3
0110-0300-0403,0,0.002989942919271541,0.9467592478619267,Phase,3
0110-0300-1010,0,0.002718129926610492,0.9467592478619267,Phase,3
0110-0302-0310,2.718129926610492e-4,0,0.9467592478619267,Phase,3
0110-0302-1010,0,2.718129926610492e-4,0.9467592478619267,Phase,3
0110-0303,2.718129926610492e-4,0,0.9467592478619267,Phase,3
0110-0303-0310-1010,0.001359064963305246,0,0.9467592478619267,Phase,3
0110-0303-0310-1010-1013,0.002718129926610492,0,0.9467592478619267,Phase,3
0110-0303-1010,0.0016308779559662953,0,0.9467592478619267,Phase,3
0110-0310-0312-1010,5.436259853220984e-4,0,0.9467592478619267,Phase,3
0110-0310-0312-1010-1012,2.718129926610492e-4,0,0.9467592478619267,Phase,3
0110-0312-1010,2.718129926610492e-4,5.436259853220984e-4,0.9467592478619267,Phase,3
0110-0313-0403,0,0.001359064963305246,0.9467592478619267,Phase,3
0110-0313-1010,2.718129926610492e-4,0.0019026909486273443,0.9467592478619267,Phase,3
0110-0400-0403,0,0.0051644468605599346,0.9467592478619267,Phase,3
0110-0400-1010,0,0.0016308779559662953,0.9467592478619267,Phase,3
0110-0403-1010,0,0.032345746126664854,0.9467592478619267,Phase,3
0110-0412-1010,0,2.718129926610492e-4,0.9467592478619267,Phase,3
0110-0413-1010,0,2.718129926610492e-4,0.9467592478619267,Phase,3
0111-0113-0303-0311,2.718129926610492e-4,0,0.9467592478619267,Phase,3
0111-0113-0303-0311-1011-1013,8.154389779831476e-4,0,0.9467592478619267,Phase,3
0111-0113-0403,0,5.436259853220984e-4,0.9467592478619267,Phase,3
0111-0213-0403,0,5.436259853220984e-4,0.9467592478619267,Phase,3
0111-0301-0303-1011,8.154389779831476e-4,0,0.9467592478619267,Phase,3
0111-0301-0303-1011-1013,5.436259853220984e-4,0,0.9467592478619267,Phase,3
0111-0301-0403,0,5.436259853220984e-4,0.9467592478619267,Phase,3
0111-0313-0403,0,2.718129926610492e-4,0.9467592478619267,Phase,3
0111-0401-0403,0,5.436259853220984e-4,0.9467592478619267,Phase,3
0111-0413-1011,0,2.718129926610492e-4,0.9467592478619267,Phase,3
0112-0302-1012,0,2.718129926610492e-4,0.9467592478619267,Phase,3
0112-0312-1010-1012,0.0010872519706441968,0,0.9467592478619267,Phase,3
0113-0300-0303-1010-1013,0.0021745039412883935,0,0.9467592478619267,Phase,3
0113-0300-0303-1010-1113,2.718129926610492e-4,0,0.9467592478619267,Phase,3
0113-0303-0310-1010-1013,0.0019026909486273443,0,0.9467592478619267,Phase,3
0113-0303-1010-1013,0.010328893721119869,0,0.9467592478619267,Phase,3
0113-0310-0313-1010-1013,2.718129926610492e-4,0,0.9467592478619267,Phase,3
0113-0313-1010-1013,0.0021745039412883935,0,0.9467592478619267,Phase,3
0113-0313-1013,2.718129926610492e-4,0,0.9467592478619267,Phase,3
0113-0403-1013,0,2.718129926610492e-4,0.9467592478619267,Phase,3
0113-1010,2.718129926610492e-4,0,0.9467592478619267,Phase,3
0113-1010-1013,0,0.001359064963305246,0.9467592478619267,Phase,3
0200-0300-0303-1003-1010,8.154389779831476e-4,0,0.9467592478619267,Phase,3
0200-0300-0303-1010,0.0051644468605599346,0,0.9467592478619267,Phase,3
0200-0300-0303-1010-1013,0.001359064963305246,0,0.9467592478619267,Phase,3
0200-0300-0303-1010-1100,2.718129926610492e-4,0,0.9467592478619267,Phase,3
0200-0300-0303-1010-1103,2.718129926610492e-4,0,0.9467592478619267,Phase,3
0200-0303-1010,0,2.718129926610492e-4,0.9467592478619267,Phase,3
0200-0303-1010-1203,2.718129926610492e-4,0,0.9467592478619267,Phase,3
0200-0403-1010,0,2.718129926610492e-4,0.9467592478619267,Phase,3
0201-0301-0303-1001,5.436259853220984e-4,0,0.9467592478619267,Phase,3
0201-0303-1001,0,2.718129926610492e-4,0.9467592478619267,Phase,3
0201-0303-1001-1003,2.718129926610492e-4,0,0.9467592478619267,Phase,3
0201-0403-1001,0,0.0019026909486273443,0.9467592478619267,Phase,3
0202-0210-1010,0,5.436259853220984e-4,0.9467592478619267,Phase,3
0202-1002-1010,0,5.436259853220984e-4,0.9467592478619267,Phase,3
0203-0210-1010,0,2.718129926610492e-4,0.9467592478619267,Phase,3
0203-0300-0303-1003-1010,2.718129926610492e-4,0,0.9467592478619267,Phase,3
0203-0303-1001-1003,2.718129926610492e-4,0,0.9467592478619267,Phase,3
0203-0303-1010-1013,5.436259853220984e-4,0,0.9467592478619267,Phase,3
0203-1003-1010,0,2.718129926610492e-4,0.9467592478619267,Phase,3
0210-0212-0402,0,8.154389779831476e-4,0.9467592478619267,Phase,3
0210-0213-0403,0,0.0021745039412883935,0.9467592478619267,Phase,3
0210-0213-1010,0,2.718129926610492e-4,0.9467592478619267,Phase,3
0210-0300-0302-1002-1010,2.718129926610492e-4,0,0.9467592478619267,Phase,3
0210-0300-0303,2.718129926610492e-4,0,0.9467592478619267,Phase,3
0210-0300-0303-1003-1010,0.0010872519706441968,0,0.9467592478619267,Phase,3
0210-0300-0303-1010,0.0046208208752378365,0,0.9467592478619267,Phase,3
0210-0300-0303-1010-1013,0.0016308779559662953,0,0.9467592478619267,Phase,3
0210-0300-0303-1110,2.718129926610492e-4,0,0.9467592478619267,Phase,3
0210-0300-0403,0,2.718129926610492e-4,0.9467592478619267,Phase,3
0210-0300-1010,0.0010872519706441968,0,0.9467592478619267,Phase,3
0210-0303-0310-1010,5.436259853220984e-4,0,0.9467592478619267,Phase,3
0210-0303-0310-1010-1013,8.154389779831476e-4,0,0.9467592478619267,Phase,3
0210-0303-1003-1010,2.718129926610492e-4,0,0.9467592478619267,Phase,3
0210-0303-1010,0.0035335689045936395,0,0.9467592478619267,Phase,3
0210-0303-1010-1013,0.005979885838543082,0,0.9467592478619267,Phase,3
0210-0303-1010-1113,8.154389779831476e-4,0,0.9467592478619267,Phase,3
0210-0303-1013-1110,2.718129926610492e-4,0,0.9467592478619267,Phase,3
0210-0303-1110,2.718129926610492e-4,0,0.9467592478619267,Phase,3
0210-0310-1010,2.718129926610492e-4,0,0.9467592478619267,Phase,3
0210-0312-1010,0,0.001359064963305246,0.9467592478619267,Phase,3
0210-0313-0403,0,0.0016308779559662953,0.9467592478619267,Phase,3
0210-0313-1010,0,0.0021745039412883935,0.9467592478619267,Phase,3
0210-0313-1010-1013,0.001359064963305246,0,0.9467592478619267,Phase,3
0210-0400-0402,0,5.436259853220984e-4,0.9467592478619267,Phase,3
0210-0400-0403,0,0.006523511823865181,0.9467592478619267,Phase,3
0210-0400-1010,0,0.0032617559119325905,0.9467592478619267,Phase,3
0210-0402-1010,0,2.718129926610492e-4,0.9467592478619267,Phase,3
0210-0403-1010,0,0.06958412612122859,0.9467592478619267,Phase,3
0210-0403-1110,0,0.0010872519706441968,0.9467592478619267,Phase,3
0210-0412-1010,0,0.001359064963305246,0.9467592478619267,Phase,3
0210-0413-1010,0,0.0016308779559662953,0.9467592478619267,Phase,3
0210-1010,2.718129926610492e-4,0,0.9467592478619267,Phase,3
0210-1010-1012,2.718129926610492e-4,0,0.9467592478619267,Phase,3
0211-0213-0403,0,0.0019026909486273443,0.9467592478619267,Phase,3
0211-0301-0303-1011-1013,5.436259853220984e-4,0,0.9467592478619267,Phase,3
0211-0313-1011,0,2.718129926610492e-4,0.9467592478619267,Phase,3
0211-0313-1011-1013,8.154389779831476e-4,0,0.9467592478619267,Phase,3
0211-0401-0403,0,0.002446316933949443,0.9467592478619267,Phase,3
0211-0403-1011,0,0.0021745039412883935,0.9467592478619267,Phase,3
0211-0413-1011,0,5.436259853220984e-4,0.9467592478619267,Phase,3
0212-0402-1010,0,2.718129926610492e-4,0.9467592478619267,Phase,3
0212-1010-1012,0,2.718129926610492e-4,0.9467592478619267,Phase,3
0213-0303-1010-1013,2.718129926610492e-4,0,0.9467592478619267,Phase,3
0213-0303-1010-1113,2.718129926610492e-4,0,0.9467592478619267,Phase,3
0213-0303-1013,2.718129926610492e-4,0,0.9467592478619267,Phase,3
0213-0313-1010-1013,5.436259853220984e-4,0,0.9467592478619267,Phase,3
0213-0313-1011-1013,2.718129926610492e-4,0,0.9467592478619267,Phase,3
0213-0403-1010,0,0.007610763794509377,0.9467592478619267,Phase,3
0213-0403-1011,0,5.436259853220984e-4,0.9467592478619267,Phase,3
0213-0403-1013,0,0.0032617559119325905,0.9467592478619267,Phase,3
0213-1010-1013,0,0.002446316933949443,0.9467592478619267,Phase,3
0300,2.718129926610492e-4,0,0.9467592478619267,Phase,3
0300-0302,2.718129926610492e-4,0,0.9467592478619267,Phase,3
0300-0302-1002-1010,0.002718129926610492,0,0.9467592478619267,Phase,3
0300-0302-1002-1010-1200,2.718129926610492e-4,0,0.9467592478619267,Phase,3
0300-0302-1010,2.718129926610492e-4,0.0010872519706441968,0.9467592478619267,Phase,3
0300-0302-1010-1012,0.004892633867898886,0,0.9467592478619267,Phase,3
0300-0302-1010-1102,2.718129926610492e-4,0,0.9467592478619267,Phase,3
0300-0302-1010-1210,2.718129926610492e-4,0,0.9467592478619267,Phase,3
0300-0303,0.005436259853220984,0,0.9467592478619267,Phase,3
0300-0303-0310-1010,2.718129926610492e-4,0,0.9467592478619267,Phase,3
0300-0303-0310-1010-1013,2.718129926610492e-4,0,0.9467592478619267,Phase,3
0300-0303-1000,0.0010872519706441968,0,0.9467592478619267,Phase,3
0300-0303-1000-1103,2.718129926610492e-4,0,0.9467592478619267,Phase,3
0300-0303-1003-1010,0.07855395487904322,0,0.9467592478619267,Phase,3
0300-0303-1010,0.11280239195433542,2.718129926610492e-4,0.9467592478619267,Phase,3
0300-0303-1010-1013,0.039412883935852135,0,0.9467592478619267,Phase,3
0300-0303-1010-1013-1100,5.436259853220984e-4,0,0.9467592478619267,Phase,3
0300-0303-1010-1013-1103,0.001359064963305246,0,0.9467592478619267,Phase,3
0300-0303-1010-1013-1200,5.436259853220984e-4,0,0.9467592478619267,Phase,3
0300-0303-1010-1013-1203,2.718129926610492e-4,0,0.9467592478619267,Phase,3
0300-0303-1010-1013-1300,2.718129926610492e-4,0,0.9467592478619267,Phase,3
0300-0303-1010-1100,0.002718129926610492,0,0.9467592478619267,Phase,3
0300-0303-1010-1100-1103,2.718129926610492e-4,0,0.9467592478619267,Phase,3
0300-0303-1010-1103,0.006523511823865181,0,0.9467592478619267,Phase,3
0300-0303-1010-1200,0.0046208208752378365,0,0.9467592478619267,Phase,3
0300-0303-1100,2.718129926610492e-4,0,0.9467592478619267,Phase,3
0300-0303-1110,0.0010872519706441968,0,0.9467592478619267,Phase,3
0300-0402-1010,0,5.436259853220984e-4,0.9467592478619267,Phase,3
0300-0403-1010,0,0.07203044305517804,0.9467592478619267,Phase,3
0300-0403-1100,0,2.718129926610492e-4,0.9467592478619267,Phase,3
0300-1003-1010,2.718129926610492e-4,0,0.9467592478619267,Phase,3
0300-1010,0.014406088611035607,0,0.9467592478619267,Phase,3
0300-1010-1100,0,0.0010872519706441968,0.9467592478619267,Phase,3
0300-1010-1200,0.001359064963305246,0,0.9467592478619267,Phase,3
0300-1110,2.718129926610492e-4,0,0.9467592478619267,Phase,3
0301-0303,0.001359064963305246,0,0.9467592478619267,Phase,3
0301-0303-1001,0.006523511823865181,0,0.9467592478619267,Phase,3
0301-0303-1001-1003,0.0051644468605599346,0,0.9467592478619267,Phase,3
0301-0303-1001-1103,5.436259853220984e-4,0,0.9467592478619267,Phase,3
0301-0303-1001-1201,2.718129926610492e-4,0,0.9467592478619267,Phase,3
0301-0303-1003-1011,0.0032617559119325905,0,0.9467592478619267,Phase,3
0301-0303-1011,0.004349007882576787,0,0.9467592478619267,Phase,3
0301-0303-1011-1013,0.016580592552324,0,0.9467592478619267,Phase,3
0301-0303-1011-1013-1103,2.718129926610492e-4,0,0.9467592478619267,Phase,3
0301-0303-1011-1111,2.718129926610492e-4,0,0.9467592478619267,Phase,3
0301-0303-1011-1113,5.436259853220984e-4,0,0.9467592478619267,Phase,3
0301-0303-1013,2.718129926610492e-4,0,0.9467592478619267,Phase,3
0301-0303-1101,5.436259853220984e-4,0,0.9467592478619267,Phase,3
0301-0303-1111,2.718129926610492e-4,0,0.9467592478619267,Phase,3
0301-0303-1201,2.718129926610492e-4,0,0.9467592478619267,Phase,3
0301-0403-1001,0,0.002989942919271541,0.9467592478619267,Phase,3
0301-0403-1011,0,0.0032617559119325905,0.9467592478619267,Phase,3
0301-0403-1101,0,5.436259853220984e-4,0.9467592478619267,Phase,3
0301-1001,2.718129926610492e-4,0,0.9467592478619267,Phase,3
0302-0310-1002-1010,2.718129926610492e-4,0,0.9467592478619267,Phase,3
0302-0310-1010-1012,0.0019026909486273443,0,0.9467592478619267,Phase,3
0302-1002-1010,5.436259853220984e-4,5.436259853220984e-4,0.9467592478619267,Phase,3
0302-1010-1012,0.0021745039412883935,0.001359064963305246,0.9467592478619267,Phase,3
0302-1012,2.718129926610492e-4,0,0.9467592478619267,Phase,3
0303,0.0038053818972546886,0,0.9467592478619267,Phase,3
0303-0310,0.0021745039412883935,0,0.9467592478619267,Phase,3
0303-0310-1003-1010,0.007610763794509377,0,0.9467592478619267,Phase,3
0303-0310-1010,0.031530307148681706,0,0.9467592478619267,Phase,3
0303-0310-1010-1013,0.09839630334329981,0,0.9467592478619267,Phase,3
0303-0310-1010-1013-1103,0.004077194889915738,0,0.9467592478619267,Phase,3
0303-0310-1010-1013-1113,2.718129926610492e-4,0,0.9467592478619267,Phase,3
0303-0310-1010-1103,0.002718129926610492,0,0.9467592478619267,Phase,3
0303-0310-1010-1113,0.0019026909486273443,0,0.9467592478619267,Phase,3
0303-0310-1010-1210,2.718129926610492e-4,0,0.9467592478619267,Phase,3
0303-0310-1013-1110,5.436259853220984e-4,0,0.9467592478619267,Phase,3
0303-0310-1110,0.0021745039412883935,0,0.9467592478619267,Phase,3
0303-0310-1110-1113,2.718129926610492e-4,0,0.9467592478619267,Phase,3
0303-0311,8.154389779831476e-4,0,0.9467592478619267,Phase,3
0303-0311-1003,2.718129926610492e-4,0,0.9467592478619267,Phase,3
0303-0311-1003-1011,0.002446316933949443,0,0.9467592478619267,Phase,3
0303-0311-1011,0.001359064963305246,0,0.9467592478619267,Phase,3
0303-0311-1011-1013,0.0084262027724925255,0,0.9467592478619267,Phase,3
0303-0311-1011-1013-1103,8.154389779831476e-4,0,0.9467592478619267,Phase,3
0303-0311-1011-1013-1211-1213,2.718129926610492e-4,0,0.9467592478619267,Phase,3
0303-0311-1011-1103,2.718129926610492e-4,0,0.9467592478619267,Phase,3
0303-0311-1011-1211,5.436259853220984e-4,0,0.9467592478619267,Phase,3
0303-0311-1011-1311,2.718129926610492e-4,0,0.9467592478619267,Phase,3
0303-0311-1013,2.718129926610492e-4,0,0.9467592478619267,Phase,3
0303-0311-1111,2.718129926610492e-4,0,0.9467592478619267,Phase,3
0303-0311-1113,2.718129926610492e-4,0,0.9467592478619267,Phase,3
0303-1001-1003,2.718129926610492e-4,0,0.9467592478619267,Phase,3
0303-1003,0.0019026909486273443,0,0.9467592478619267,Phase,3
0303-1003-1010,0.017939657515629245,0,0.9467592478619267,Phase,3
0303-1003-1010-1203,2.718129926610492e-4,0,0.9467592478619267,Phase,3
0303-1003-1010-1303,2.718129926610492e-4,0,0.9467592478619267,Phase,3
0303-1003-1011,2.718129926610492e-4,0,0.9467592478619267,Phase,3
0303-1010,0.03017124218537646,0,0.9467592478619267,Phase,3
0303-1010-1013,0.171242185376461,0.002446316933949443,0.9467592478619267,Phase,3
0303-1010-1013-1103,0.009241641750475673,0,0.9467592478619267,Phase,3
0303-1010-1013-1113,2.718129926610492e-4,0,0.9467592478619267,Phase,3
0303-1010-1013-1203,2.718129926610492e-4,0,0.9467592478619267,Phase,3
0303-1010-1103,0.002989942919271541,8.154389779831476e-4,0.9467592478619267,Phase,3
0303-1010-1113,0.005436259853220984,0,0.9467592478619267,Phase,3
0303-1011-1013,5.436259853220984e-4,0,0.9467592478619267,Phase,3
0303-1011-1013-1203,2.718129926610492e-4,0,0.9467592478619267,Phase,3
0303-1013,0.015765153574340853,0,0.9467592478619267,Phase,3
0303-1013-1103,5.436259853220984e-4,0,0.9467592478619267,Phase,3
0303-1103,2.718129926610492e-4,0,0.9467592478619267,Phase,3
0303-1110,5.436259853220984e-4,0,0.9467592478619267,Phase,3
0303-1113,5.436259853220984e-4,0,0.9467592478619267,Phase,3
0310-0312-1010,2.718129926610492e-4,5.436259853220984e-4,0.9467592478619267,Phase,3
0310-0312-1010-1012,0.0032617559119325905,0,0.9467592478619267,Phase,3
0310-0312-1010-1112,5.436259853220984e-4,0,0.9467592478619267,Phase,3
0310-0313,2.718129926610492e-4,0,0.9467592478619267,Phase,3
0310-0313-1010,0.002446316933949443,8.154389779831476e-4,0.9467592478619267,Phase,3
0310-0313-1010-1013,0.007067137809187279,0,0.9467592478619267,Phase,3
0310-0313-1010-1013-1213,5.436259853220984e-4,0,0.9467592478619267,Phase,3
0310-0313-1010-1113,5.436259853220984e-4,0,0.9467592478619267,Phase,3
0310-0313-1013,2.718129926610492e-4,0,0.9467592478619267,Phase,3
0310-0313-1110,2.718129926610492e-4,2.718129926610492e-4,0.9467592478619267,Phase,3
0310-0313-1210,2.718129926610492e-4,0,0.9467592478619267,Phase,3
0310-0400-0402,0,2.718129926610492e-4,0.9467592478619267,Phase,3
0310-0400-0403,0,0.0016308779559662953,0.9467592478619267,Phase,3
0310-0400-1010,0,2.718129926610492e-4,0.9467592478619267,Phase,3
0310-0402-1010,0,2.718129926610492e-4,0.9467592478619267,Phase,3
0310-0402-1110,0,2.718129926610492e-4,0.9467592478619267,Phase,3
0310-0403-1010,0,0.05680891546615928,0.9467592478619267,Phase,3
0310-0403-1110,0,0.005979885838543082,0.9467592478619267,Phase,3
0310-0403-1210,0,2.718129926610492e-4,0.9467592478619267,Phase,3
0310-0412-1010,0,0.0010872519706441968,0.9467592478619267,Phase,3
0310-0412-1110,0,2.718129926610492e-4,0.9467592478619267,Phase,3
0310-0413-1010,0,0.002718129926610492,0.9467592478619267,Phase,3
0310-0413-1110,0,5.436259853220984e-4,0.9467592478619267,Phase,3
0310-1010,0.002446316933949443,0,0.9467592478619267,Phase,3
0311-0313-0403,0,2.718129926610492e-4,0.9467592478619267,Phase,3
0311-0313-1011-1013,5.436259853220984e-4,0,0.9467592478619267,Phase,3
0311-0401-0403,0,5.436259853220984e-4,0.9467592478619267,Phase,3
0311-0403-1011,0,0.0010872519706441968,0.9467592478619267,Phase,3
0311-0403-1111,0,0.0010872519706441968,0.9467592478619267,Phase,3
0311-1011,2.718129926610492e-4,0,0.9467592478619267,Phase,3
0312-0402-1010,0,2.718129926610492e-4,0.9467592478619267,Phase,3
0312-1010,2.718129926610492e-4,0,0.9467592478619267,Phase,3
0312-1010-1012,0.0032617559119325905,8.154389779831476e-4,0.9467592478619267,Phase,3
0312-1010-1112,0,5.436259853220984e-4,0.9467592478619267,Phase,3
0313-0403-1010,0,2.718129926610492e-4,0.9467592478619267,Phase,3
0313-0403-1013,0,2.718129926610492e-4,0.9467592478619267,Phase,3
0313-0403-1113,0,0.002718129926610492,0.9467592478619267,Phase,3
0313-1010,8.154389779831476e-4,0,0.9467592478619267,Phase,3
0313-1010-1013,0.014677901603696657,0.004077194889915738,0.9467592478619267,Phase,3
0313-1010-1013-1213,2.718129926610492e-4,0,0.9467592478619267,Phase,3
0313-1010-1113,2.718129926610492e-4,0.002446316933949443,0.9467592478619267,Phase,3
0313-1011-1013,0.0010872519706441968,5.436259853220984e-4,0.9467592478619267,Phase,3
0313-1011-1113,0,8.154389779831476e-4,0.9467592478619267,Phase,3
0313-1013,2.718129926610492e-4,0,0.9467592478619267,Phase,3
0400-0402-1010,0,0.002446316933949443,0.9467592478619267,Phase,3
0400-0402-1110,0,2.718129926610492e-4,0.9467592478619267,Phase,3
0400-0403-1000,0,8.154389779831476e-4,0.9467592478619267,Phase,3
0400-0403-1010,0,0.06849687415058439,0.9467592478619267,Phase,3
0400-0403-1110,0,0.002989942919271541,0.9467592478619267,Phase,3
0400-0403-1200,0,0.0035335689045936395,0.9467592478619267,Phase,3
0400-0403-1210,0,2.718129926610492e-4,0.9467592478619267,Phase,3
0400-0403-1300,0,0.0010872519706441968,0.9467592478619267,Phase,3
0400-1010-1100,0,0.0010872519706441968,0.9467592478619267,Phase,3
0400-1010-1200,0,0.0035335689045936395,0.9467592478619267,Phase,3
0400-1110-1300,0,2.718129926610492e-4,0.9467592478619267,Phase,3
0401-0403-1001,0,0.0010872519706441968,0.9467592478619267,Phase,3
0401-0403-1011,0,0.007067137809187279,0.9467592478619267,Phase,3
0401-0403-1101,0,0.002989942919271541,0.9467592478619267,Phase,3
0401-0403-1111,0,0.002718129926610492,0.9467592478619267,Phase,3
0401-0403-1201,0,0.0019026909486273443,0.9467592478619267,Phase,3
0401-0403-1211,0,8.154389779831476e-4,0.9467592478619267,Phase,3
0402-1002-1010,0,2.718129926610492e-4,0.9467592478619267,Phase,3
0402-1010-1012,0,0.004349007882576787,0.9467592478619267,Phase,3
0402-1010-1102,0,2.718129926610492e-4,0.9467592478619267,Phase,3
0402-1010-1112,0,0.001359064963305246,0.9467592478619267,Phase,3
0402-1100-1202,0,2.718129926610492e-4,0.9467592478619267,Phase,3
0402-1102-1110,0,2.718129926610492e-4,0.9467592478619267,Phase,3
0402-1110-1112,0,2.718129926610492e-4,0.9467592478619267,Phase,3
0403-0410-1010,0,0.0019026909486273443,0.9467592478619267,Phase,3
0403-0410-1110,0,0.0016308779559662953,0.9467592478619267,Phase,3
0403-0410-1210,0,0.0021745039412883935,0.9467592478619267,Phase,3
0403-0411-1011,0,8.154389779831476e-4,0.9467592478619267,Phase,3
0403-0411-1111,0,5.436259853220984e-4,0.9467592478619267,Phase,3
0403-0411-1211,0,0.001359064963305246,0.9467592478619267,Phase,3
0403-0411-1311,0,5.436259853220984e-4,0.9467592478619267,Phase,3
0403-1001-1103,0,0.002989942919271541,0.9467592478619267,Phase,3
0403-1001-1203,0,2.718129926610492e-4,0.9467592478619267,Phase,3
0403-1003-1010,0,2.718129926610492e-4,0.9467592478619267,Phase,3
0403-1010-1013,0,0.11388964392497962,0.9467592478619267,Phase,3
0403-1010-1100,0,0.0016308779559662953,0.9467592478619267,Phase,3
0403-1010-1103,0,0.05001359064963305,0.9467592478619267,Phase,3
0403-1010-1113,0,0.09268823049741777,0.9467592478619267,Phase,3
0403-1010-1200,0,0.0051644468605599346,0.9467592478619267,Phase,3
0403-1010-1203,0,0.06849687415058439,0.9467592478619267,Phase,3
0403-1010-1213,0,0.002989942919271541,0.9467592478619267,Phase,3
0403-1010-1303,0,0.019570535471595544,0.9467592478619267,Phase,3
0403-1011-1013,0,0.0073389508018483285,0.9467592478619267,Phase,3
0403-1011-1103,0,8.154389779831476e-4,0.9467592478619267,Phase,3
0403-1011-1113,0,0.0046208208752378365,0.9467592478619267,Phase,3
0403-1011-1201,0,2.718129926610492e-4,0.9467592478619267,Phase,3
0403-1011-1203,0,8.154389779831476e-4,0.9467592478619267,Phase,3
0403-1013-1103,0,5.436259853220984e-4,0.9467592478619267,Phase,3
0403-1013-1203,0,0.0035335689045936395,0.9467592478619267,Phase,3
0403-1013-1303,0,5.436259853220984e-4,0.9467592478619267,Phase,3
0403-1101-1103,0,8.154389779831476e-4,0.9467592478619267,Phase,3
0403-1101-1203,0,5.436259853220984e-4,0.9467592478619267,Phase,3
0403-1101-1303,0,2.718129926610492e-4,0.9467592478619267,Phase,3
0403-1103-1110,0,2.718129926610492e-4,0.9467592478619267,Phase,3
0403-1103-1111,0,5.436259853220984e-4,0.9467592478619267,Phase,3
0403-1110-1113,0,0.0046208208752378365,0.9467592478619267,Phase,3
0403-1110-1203,0,0.002989942919271541,0.9467592478619267,Phase,3
0403-1110-1213,0,0.004892633867898886,0.9467592478619267,Phase,3
0403-1110-1303,0,0.0021745039412883935,0.9467592478619267,Phase,3
0403-1111-1113,0,0.0035335689045936395,0.9467592478619267,Phase,3
0403-1111-1203,0,8.154389779831476e-4,0.9467592478619267,Phase,3
0403-1111-1213,0,2.718129926610492e-4,0.9467592478619267,Phase,3
0403-1113-1303,0,0.0019026909486273443,0.9467592478619267,Phase,3
0403-1200-1203,0,2.718129926610492e-4,0.9467592478619267,Phase,3
0403-1200-1303,0,2.718129926610492e-4,0.9467592478619267,Phase,3
0403-1201-1203,0,8.154389779831476e-4,0.9467592478619267,Phase,3
0403-1201-1303,0,5.436259853220984e-4,0.9467592478619267,Phase,3
0403-1203-1211,0,5.436259853220984e-4,0.9467592478619267,Phase,3
0403-1210-1213,0,2.718129926610492e-4,0.9467592478619267,Phase,3
0403-1210-1303,0,2.718129926610492e-4,0.9467592478619267,Phase,3
0403-1211-1303,0,5.436259853220984e-4,0.9467592478619267,Phase,3
0403-1213-1303,0,2.718129926610492e-4,0.9467592478619267,Phase,3
0410-0413-1010,0,5.436259853220984e-4,0.9467592478619267,Phase,3
0410-0413-1210,0,2.718129926610492e-4,0.9467592478619267,Phase,3
0412-1010-1012,0,5.436259853220984e-4,0.9467592478619267,Phase,3
0412-1010-1112,0,0.0016308779559662953,0.9467592478619267,Phase,3
0412-1010-1212,0,5.436259853220984e-4,0.9467592478619267,Phase,3
0412-1110-1112,0,2.718129926610492e-4,0.9467592478619267,Phase,3
0412-1110-1212,0,2.718129926610492e-4,0.9467592478619267,Phase,3
0413-1010-1013,0,0.0019026909486273443,0.9467592478619267,Phase,3
0413-1010-1113,0,0.004892633867898886,0.9467592478619267,Phase,3
0413-1010-1213,0,0.0032617559119325905,0.9467592478619267,Phase,3
0413-1011-1113,0,2.718129926610492e-4,0.9467592478619267,Phase,3
0413-1011-1213,0,2.718129926610492e-4,0.9467592478619267,Phase,3
0413-1110-1213,0,5.436259853220984e-4,0.9467592478619267,Phase,3
0413-1110-1313,0,5.436259853220984e-4,0.9467592478619267,Phase,3
0413-1210-1213,0,2.718129926610492e-4,0.9467592478619267,Phase,3
1002-1010-1300-1302,2.718129926610492e-4,0,0.9467592478619267,Phase,3
1003-1010,2.718129926610492e-4,0,0.9467592478619267,Phase,3
1003-1010-1300-1303,2.718129926610492e-4,0,0.9467592478619267,Phase,3
1003-1010-1303,5.436259853220984e-4,0,0.9467592478619267,Phase,3
1003-1011-1301-1303,2.718129926610492e-4,0,0.9467592478619267,Phase,3
1010,0.004077194889915738,0,0.9467592478619267,Phase,3
1010-1012,0.0010872519706441968,0,0.9467592478619267,Phase,3
1010-1012-1102-1302,5.436259853220984e-4,0,0.9467592478619267,Phase,3
1010-1012-1200-1302,2.718129926610492e-4,0,0.9467592478619267,Phase,3
1010-1012-1202,0,5.436259853220984e-4,0.9467592478619267,Phase,3
1010-1012-1300-1302,5.436259853220984e-4,0,0.9467592478619267,Phase,3
1010-1012-1302,2.718129926610492e-4,0,0.9467592478619267,Phase,3
1010-1012-1402,0,2.718129926610492e-4,0.9467592478619267,Phase,3
1010-1013,0.002989942919271541,0,0.9467592478619267,Phase,3
1010-1013-1100-1300-1303,2.718129926610492e-4,0,0.9467592478619267,Phase,3
1010-1013-1103,0,5.436259853220984e-4,0.9467592478619267,Phase,3
1010-1013-1103-1303,0.001359064963305246,0,0.9467592478619267,Phase,3
1010-1013-1113-1303,2.718129926610492e-4,0,0.9467592478619267,Phase,3
1010-1013-1200-1300-1303,2.718129926610492e-4,0,0.9467592478619267,Phase,3
1010-1013-1200-1303,0.0010872519706441968,0,0.9467592478619267,Phase,3
1010-1013-1203,0,0.0084262027724925255,0.9467592478619267,Phase,3
1010-1013-1203-1300-1303,2.718129926610492e-4,0,0.9467592478619267,Phase,3
1010-1013-1203-1303,2.718129926610492e-4,0,0.9467592478619267,Phase,3
1010-1013-1210-1303,8.154389779831476e-4,0,0.9467592478619267,Phase,3
1010-1013-1213-1303,0.0010872519706441968,0,0.9467592478619267,Phase,3
1010-1013-1300-1303,0.004077194889915738,0,0.9467592478619267,Phase,3
1010-1013-1303,0.03397662408263115,0.0073389508018483285,0.9467592478619267,Phase,3
1010-1013-1303-1310,2.718129926610492e-4,0,0.9467592478619267,Phase,3
1010-1013-1313,2.718129926610492e-4,0,0.9467592478619267,Phase,3
1010-1013-1403,0,0.004892633867898886,0.9467592478619267,Phase,3
1010-1100-1203,0,0.0016308779559662953,0.9467592478619267,Phase,3
1010-1100-1300-1303,0.0010872519706441968,0,0.9467592478619267,Phase,3
1010-1100-1302,2.718129926610492e-4,5.436259853220984e-4,0.9467592478619267,Phase,3
1010-1100-1303,0,0.0019026909486273443,0.9467592478619267,Phase,3
1010-1100-1402,0,2.718129926610492e-4,0.9467592478619267,Phase,3
1010-1100-1403,0,0.002718129926610492,0.9467592478619267,Phase,3
1010-1103-1200-1303,2.718129926610492e-4,0,0.9467592478619267,Phase,3
1010-1103-1300-1303,5.436259853220984e-4,0,0.9467592478619267,Phase,3
1010-1103-1303,0.0019026909486273443,0,0.9467592478619267,Phase,3
1010-1112-1402,0,2.718129926610492e-4,0.9467592478619267,Phase,3
1010-1113-1303,0.001359064963305246,0.004349007882576787,0.9467592478619267,Phase,3
1010-1113-1403,0,0.012775210655069312,0.9467592478619267,Phase,3
1010-1200-1202,0,2.718129926610492e-4,0.9467592478619267,Phase,3
1010-1200-1203,0,0.0016308779559662953,0.9467592478619267,Phase,3
1010-1200-1302,0,2.718129926610492e-4,0.9467592478619267,Phase,3
1010-1200-1303,8.154389779831476e-4,0.002989942919271541,0.9467592478619267,Phase,3
1010-1200-1403,0,0.004349007882576787,0.9467592478619267,Phase,3
1010-1203-1300-1303,8.154389779831476e-4,0,0.9467592478619267,Phase,3
1010-1203-1303,5.436259853220984e-4,0,0.9467592478619267,Phase,3
1010-1210-1300-1303,2.718129926610492e-4,0,0.9467592478619267,Phase,3
1010-1210-1303,2.718129926610492e-4,0,0.9467592478619267,Phase,3
1010-1213-1303,2.718129926610492e-4,0,0.9467592478619267,Phase,3
1010-1213-1403,0,0.004892633867898886,0.9467592478619267,Phase,3
1010-1300-1302,0,5.436259853220984e-4,0.9467592478619267,Phase,3
1010-1300-1303,0.009513454743136722,0.002989942919271541,0.9467592478619267,Phase,3
1010-1300-1402,0,2.718129926610492e-4,0.9467592478619267,Phase,3
1010-1300-1403,0,0.00679532481652623,0.9467592478619267,Phase,3
1010-1303,0.005436259853220984,0,0.9467592478619267,Phase,3
1010-1303-1310,0.0010872519706441968,0,0.9467592478619267,Phase,3
1011-1013,2.718129926610492e-4,0,0.9467592478619267,Phase,3
1011-1013-1103-1303,5.436259853220984e-4,0,0.9467592478619267,Phase,3
1011-1013-1203,0,5.436259853220984e-4,0.9467592478619267,Phase,3
1011-1013-1211-1303,2.718129926610492e-4,0,0.9467592478619267,Phase,3
1011-1013-1301-1303,8.154389779831476e-4,0,0.9467592478619267,Phase,3
1011-1013-1303,0.0019026909486273443,0.0010872519706441968,0.9467592478619267,Phase,3
1011-1013-1303-1311,2.718129926610492e-4,0,0.9467592478619267,Phase,3
1011-1101-1103-1301-1303,2.718129926610492e-4,0,0.9467592478619267,Phase,3
1011-1101-1403,0,2.718129926610492e-4,0.9467592478619267,Phase,3
1011-1103-1301-1303,5.436259853220984e-4,0,0.9467592478619267,Phase,3
1011-1113-1303,0,2.718129926610492e-4,0.9467592478619267,Phase,3
1011-1113-1403,0,2.718129926610492e-4,0.9467592478619267,Phase,3
1011-1201-1203,0,2.718129926610492e-4,0.9467592478619267,Phase,3
1011-1201-1403,0,2.718129926610492e-4,0.9467592478619267,Phase,3
1011-1213-1403,0,5.436259853220984e-4,0.9467592478619267,Phase,3
1011-1301-1303,5.436259853220984e-4,2.718129926610492e-4,0.9467592478619267,Phase,3
1011-1301-1403,0,2.718129926610492e-4,0.9467592478619267,Phase,3
1011-1303-1311,2.718129926610492e-4,0,0.9467592478619267,Phase,3
1013-1110-1303,5.436259853220984e-4,0,0.9467592478619267,Phase,3
1013-1303,5.436259853220984e-4,0,0.9467592478619267,Phase,3
1013-1303-1310,2.718129926610492e-4,0,0.9467592478619267,Phase,3
1110,2.718129926610492e-4,0,0.9467592478619267,Phase,3
1110-1113-1303,0,2.718129926610492e-4,0.9467592478619267,Phase,3
1110-1113-1403,0,0.0019026909486273443,0.9467592478619267,Phase,3
1110-1213-1403,0,0.0019026909486273443,0.9467592478619267,Phase,3
1110-1300-1303,2.718129926610492e-4,0,0.9467592478619267,Phase,3
1110-1300-1403,0,8.154389779831476e-4,0.9467592478619267,Phase,3
1110-1303,0.0010872519706441968,0,0.9467592478619267,Phase,3
1110-1313-1403,0,2.718129926610492e-4,0.9467592478619267,Phase,3
1110-1400-1403,0,8.154389779831476e-4,0.9467592478619267,Phase,3
1111-1113-1403,0,0.0010872519706441968,0.9467592478619267,Phase,3
1111-1213-1403,0,2.718129926610492e-4,0.9467592478619267,Phase,3
1111-1301-1303,0,5.436259853220984e-4,0.9467592478619267,Phase,3
1111-1401-1403,0,0.0010872519706441968,0.9467592478619267,Phase,3
1113-1303,2.718129926610492e-4,0,0.9467592478619267,Phase,3
1210-1213-1403,0,0.0010872519706441968,0.9467592478619267,Phase,3
1210-1313-1403,0,5.436259853220984e-4,0.9467592478619267,Phase,3
1210-1400-1403,0,2.718129926610492e-4,0.9467592478619267,Phase,3
1211-1401-1403,0,2.718129926610492e-4,0.9467592478619267,Phase,3
1300-1303,5.436259853220984e-4,0,0.9467592478619267,Phase,3
1301-1303,0.0010872519706441968,0,0.9467592478619267,Phase,3
1303,2.718129926610492e-4,0,0.9467592478619267,Phase,3
1303-1310,2.718129926610492e-4,0,0.9467592478619267,Phase,3
1311-1401-1403,0,2.718129926610492e-4,0.9467592478619267,Phase,3
Monostable,0.008698015765153574,0,0.004362710993811913,monoMulti,3
Multistable,0.9913019842348464,1,0.004362710993811913,monoMulti,3
1,0.008698015765153574,0,0.32554215527850827,nState,3
2,0.09703723837999456,0,0.32554215527850827,nState,3
3,0.4821962489807013,1,0.32554215527850827,nState,3
4,0.38216906768143516,0,0.32554215527850827,nState,3
5,0.027996738244088066,0,0.32554215527850827,nState,3
6,0.0019026909486273443,0,0.32554215527850827,nState,3
0010-0011-0210-0211-0300-0301,7.390983000739098e-4,0,0.9532225553090505,Phase,4
0010-0012-0300-0302,7.390983000739098e-4,0,0.9532225553090505,Phase,4
0010-0300-0301,7.390983000739098e-4,0,0.9532225553090505,Phase,4
0010-0300-0303,7.390983000739098e-4,0,0.9532225553090505,Phase,4
0011-0301-0303,7.390983000739098e-4,0,0.9532225553090505,Phase,4
0102-0300-0302-1002-1010,0.0014781966001478197,0,0.9532225553090505,Phase,4
0103-0300-0303-1003-1010,7.390983000739098e-4,0,0.9532225553090505,Phase,4
0110-0111-0300-0301-1010-1011,7.390983000739098e-4,0,0.9532225553090505,Phase,4
0110-0111-0400-0401,0,0.0014781966001478197,0.9532225553090505,Phase,4
0110-0111-1010-1011,0,0.003695491500369549,0.9532225553090505,Phase,4
0110-0112-1010-1012,0,0.0014781966001478197,0.9532225553090505,Phase,4
0110-0113-0400-0403,0,7.390983000739098e-4,0.9532225553090505,Phase,4
0110-0210-0300-0303-1010,7.390983000739098e-4,0,0.9532225553090505,Phase,4
0110-0212-0402-1010,0,7.390983000739098e-4,0.9532225553090505,Phase,4
0110-0213-0403-1010,0,0.03473762010347376,0.9532225553090505,Phase,4
0110-0300-0302-1010,0,7.390983000739098e-4,0.9532225553090505,Phase,4
0110-0300-0303-1010,0.0022172949002217295,7.390983000739098e-4,0.9532225553090505,Phase,4
0110-0300-0303-1010-1013,7.390983000739098e-4,0,0.9532225553090505,Phase,4
0110-0300-0403-1010,0,0.03473762010347376,0.9532225553090505,Phase,4
0110-0310-1010,7.390983000739098e-4,0,0.9532225553090505,Phase,4
0110-0312-1010-1012,0,7.390983000739098e-4,0.9532225553090505,Phase,4
0110-0313-0403-1010,0,0.003695491500369549,0.9532225553090505,Phase,4
0110-0313-1010-1013,0,7.390983000739098e-4,0.9532225553090505,Phase,4
0110-0400-0402-1010,0,0.0022172949002217295,0.9532225553090505,Phase,4
0110-0400-0403-1010,0,0.012564671101256468,0.9532225553090505,Phase,4
0110-0403-1010-1013,0,0.011086474501108648,0.9532225553090505,Phase,4
0110-0412-1010-1012,0,7.390983000739098e-4,0.9532225553090505,Phase,4
0110-0413-1010-1013,0,7.390983000739098e-4,0.9532225553090505,Phase,4
0111-0113-0311-0313-1011-1013,7.390983000739098e-4,0,0.9532225553090505,Phase,4
0111-0113-0401-0403,0,7.390983000739098e-4,0.9532225553090505,Phase,4
0111-0213-0301-0403,0,7.390983000739098e-4,0.9532225553090505,Phase,4
0111-0213-0403-1011,0,0.0029563932002956393,0.9532225553090505,Phase,4
0111-0301-0303-1003-1011,7.390983000739098e-4,0,0.9532225553090505,Phase,4
0111-0301-0303-1011,0.0022172949002217295,0,0.9532225553090505,Phase,4
0111-0301-0403-1011,0,0.0029563932002956393,0.9532225553090505,Phase,4
0111-0313-0403-1011,0,7.390983000739098e-4,0.9532225553090505,Phase,4
0111-0401-0403-1011,0,7.390983000739098e-4,0.9532225553090505,Phase,4
0112-0113-0402-0403,0,0.0014781966001478197,0.9532225553090505,Phase,4
0112-0300-0302-1010-1012,0.0014781966001478197,0,0.9532225553090505,Phase,4
0113-0210-0300-0303-1010-1013,0.0014781966001478197,0,0.9532225553090505,Phase,4
0113-0210-0303-1010-1013,0.0014781966001478197,0,0.9532225553090505,Phase,4
0113-0300-0303-1010-1013,0.009608277900960829,0,0.9532225553090505,Phase,4
0113-0301-0303-1011-1013,0.0029563932002956393,0,0.9532225553090505,Phase,4
0113-0303,7.390983000739098e-4,0,0.9532225553090505,Phase,4
0113-0303-0310-1010-1013,0.0022172949002217295,0,0.9532225553090505,Phase,4
0113-0303-1010-1013,0.021433850702143386,0,0.9532225553090505,Phase,4
0113-0313-1010-1013,7.390983000739098e-4,0,0.9532225553090505,Phase,4
0113-0403-1010-1013,0,7.390983000739098e-4,0.9532225553090505,Phase,4
0200-0300-0302-1010-1012,7.390983000739098e-4,0,0.9532225553090505,Phase,4
0200-0300-0303-1003-1010,0.0014781966001478197,0,0.9532225553090505,Phase,4
0200-0300-0303-1010,0.003695491500369549,0,0.9532225553090505,Phase,4
0200-0300-0303-1010-1013,0.0014781966001478197,0,0.9532225553090505,Phase,4
0201-0303-1011-1013,0,7.390983000739098e-4,0.9532225553090505,Phase,4
0203-0303-1011-1013,7.390983000739098e-4,0,0.9532225553090505,Phase,4
0210-0211-0300-0301-1010-1011,7.390983000739098e-4,0,0.9532225553090505,Phase,4
0210-0211-1010-1011,7.390983000739098e-4,0.014042867701404288,0.9532225553090505,Phase,4
0210-0212-0300-0302-1010-1012,7.390983000739098e-4,0,0.9532225553090505,Phase,4
0210-0212-0400-0402,0,7.390983000739098e-4,0.9532225553090505,Phase,4
0210-0212-1010-1012,0,0.004434589800443459,0.9532225553090505,Phase,4
0210-0213-0400-0403,0,7.390983000739098e-4,0.9532225553090505,Phase,4
0210-0213-0403-1010,0,0.020694752402069475,0.9532225553090505,Phase,4
0210-0213-1010-1013,0,0.0022172949002217295,0.9532225553090505,Phase,4
0210-0300-0302-1010-1012,0.0014781966001478197,0,0.9532225553090505,Phase,4
0210-0300-0303-1003-1010,7.390983000739098e-4,0,0.9532225553090505,Phase,4
0210-0300-0303-1010,0.003695491500369549,0,0.9532225553090505,Phase,4
0210-0300-0303-1010-1013,0.0022172949002217295,0,0.9532225553090505,Phase,4
0210-0302-1002-1010,0,7.390983000739098e-4,0.9532225553090505,Phase,4
0210-0302-1010-1012,0,7.390983000739098e-4,0.9532225553090505,Phase,4
0210-0303-1010-1013,0.020694752402069475,0,0.9532225553090505,Phase,4
0210-0312-0402-1010,0,0.0014781966001478197,0.9532225553090505,Phase,4
0210-0312-1010-1012,0,7.390983000739098e-4,0.9532225553090505,Phase,4
0210-0313-0403-1010,0,0.019216555801921657,0.9532225553090505,Phase,4
0210-0313-1010-1013,0,7.390983000739098e-4,0.9532225553090505,Phase,4
0210-0400-0402-1010,0,0.0014781966001478197,0.9532225553090505,Phase,4
0210-0400-0403-1010,0,0.04286770140428677,0.9532225553090505,Phase,4
0210-0402-1010-1012,0,7.390983000739098e-4,0.9532225553090505,Phase,4
0210-0403-1010-1013,0,0.005912786400591279,0.9532225553090505,Phase,4
0210-1010-1013,7.390983000739098e-4,0,0.9532225553090505,Phase,4
0211-0213-0401-0403,0,7.390983000739098e-4,0.9532225553090505,Phase,4
0211-0213-0403-1011,0,7.390983000739098e-4,0.9532225553090505,Phase,4
0211-0213-1011-1013,0,0.0014781966001478197,0.9532225553090505,Phase,4
0211-0301-0303-1011,7.390983000739098e-4,0,0.9532225553090505,Phase,4
0211-0301-0303-1011-1013,0.0014781966001478197,0,0.9532225553090505,Phase,4
0211-0303-0311-1011-1013,7.390983000739098e-4,0,0.9532225553090505,Phase,4
0211-0303-0311-1011-1013-1103,7.390983000739098e-4,0,0.9532225553090505,Phase,4
0211-0311-1010-1011,7.390983000739098e-4,0,0.9532225553090505,Phase,4
0211-0313-0403-1011,0,0.0022172949002217295,0.9532225553090505,Phase,4
0211-0313-1011-1013,7.390983000739098e-4,7.390983000739098e-4,0.9532225553090505,Phase,4
0211-0401-0403-1011,0,0.010347376201034738,0.9532225553090505,Phase,4
0212-0213-0402-0403,0,0.0029563932002956393,0.9532225553090505,Phase,4
0212-0312-1010-1012,7.390983000739098e-4,0,0.9532225553090505,Phase,4
0212-0402-1010-1012,0,7.390983000739098e-4,0.9532225553090505,Phase,4
0213-0400-0403-1010,0,7.390983000739098e-4,0.9532225553090505,Phase,4
0213-0403-1010-1013,0,0.06208425720620843,0.9532225553090505,Phase,4
0213-0403-1011-1013,0,0.003695491500369549,0.9532225553090505,Phase,4
0300-0301-1010,7.390983000739098e-4,0,0.9532225553090505,Phase,4
0300-0301-1010-1011,0.016999260901699925,0.005912786400591279,0.9532225553090505,Phase,4
0300-0301-1010-1011-1200,7.390983000739098e-4,0,0.9532225553090505,Phase,4
0300-0301-1011-1110,7.390983000739098e-4,0,0.9532225553090505,Phase,4
0300-0301-1110-1111,7.390983000739098e-4,0,0.9532225553090505,Phase,4
0300-0302-1002-1010,0.005173688100517369,0.0029563932002956393,0.9532225553090505,Phase,4
0300-0302-1010,0.0022172949002217295,0,0.9532225553090505,Phase,4
0300-0302-1010-1012,0.014042867701404288,0.0014781966001478197,0.9532225553090505,Phase,4
0300-0302-1010-1012-1102,7.390983000739098e-4,0,0.9532225553090505,Phase,4
0300-0302-1010-1012-1112,7.390983000739098e-4,0,0.9532225553090505,Phase,4
0300-0303,7.390983000739098e-4,0,0.9532225553090505,Phase,4
0300-0303-1000-1003,7.390983000739098e-4,0,0.9532225553090505,Phase,4
0300-0303-1000-1103,0,7.390983000739098e-4,0.9532225553090505,Phase,4
0300-0303-1003-1010,0.022912047302291204,0,0.9532225553090505,Phase,4
0300-0303-1003-1010-1200,0.0014781966001478197,0,0.9532225553090505,Phase,4
0300-0303-1010,0.12342941611234294,0,0.9532225553090505,Phase,4
0300-0303-1010-1013,0.1337767923133777,7.390983000739098e-4,0.9532225553090505,Phase,4
0300-0303-1010-1013-1103,0.008130081300813009,0,0.9532225553090505,Phase,4
0300-0303-1010-1013-1103-1200,7.390983000739098e-4,0,0.9532225553090505,Phase,4
0300-0303-1010-1013-1200,0.004434589800443459,0,0.9532225553090505,Phase,4
0300-0303-1010-1013-1213,7.390983000739098e-4,0,0.9532225553090505,Phase,4
0300-0303-1010-1100,0.007390983000739098,0,0.9532225553090505,Phase,4
0300-0303-1010-1103,0.04360679970436068,0,0.9532225553090505,Phase,4
0300-0303-1010-1103-1200,0.0029563932002956393,0,0.9532225553090505,Phase,4
0300-0303-1010-1113,0.0022172949002217295,0,0.9532225553090505,Phase,4
0300-0303-1010-1200,0.010347376201034738,0,0.9532225553090505,Phase,4
0300-0303-1010-1300,0.0014781966001478197,0,0.9532225553090505,Phase,4
0300-0303-1013-1110,7.390983000739098e-4,0,0.9532225553090505,Phase,4
0300-0303-1110,0.003695491500369549,0,0.9532225553090505,Phase,4
0300-0303-1110-1200,7.390983000739098e-4,0,0.9532225553090505,Phase,4
0300-0402-1010-1012,0,0.003695491500369549,0.9532225553090505,Phase,4
0300-0402-1010-1100,0,0.0022172949002217295,0.9532225553090505,Phase,4
0300-0403-1010-1013,0,0.03621581670362158,0.9532225553090505,Phase,4
0300-0403-1010-1100,0,0.03325942350332594,0.9532225553090505,Phase,4
0300-0403-1010-1103,0,7.390983000739098e-4,0.9532225553090505,Phase,4
0300-1003-1010,0.0014781966001478197,0,0.9532225553090505,Phase,4
0300-1010,0.007390983000739098,0,0.9532225553090505,Phase,4
0300-1010-1011,0.0014781966001478197,0,0.9532225553090505,Phase,4
0300-1010-1012,0.0022172949002217295,0,0.9532225553090505,Phase,4
0300-1010-1013,7.390983000739098e-4,0,0.9532225553090505,Phase,4
0300-1010-1200,0.0014781966001478197,0,0.9532225553090505,Phase,4
0301-0302-1011-1012,7.390983000739098e-4,0,0.9532225553090505,Phase,4
0301-0303,0.004434589800443459,0,0.9532225553090505,Phase,4
0301-0303-1001,7.390983000739098e-4,0,0.9532225553090505,Phase,4
0301-0303-1001-1003,7.390983000739098e-4,0,0.9532225553090505,Phase,4
0301-0303-1003,7.390983000739098e-4,0,0.9532225553090505,Phase,4
0301-0303-1003-1011,0.007390983000739098,0,0.9532225553090505,Phase,4
0301-0303-1011,0.008130081300813009,0,0.9532225553090505,Phase,4
0301-0303-1011-1013,0.050997782705099776,0,0.9532225553090505,Phase,4
0301-0303-1011-1013-1103,7.390983000739098e-4,0,0.9532225553090505,Phase,4
0301-0303-1011-1013-1103-1201,7.390983000739098e-4,0,0.9532225553090505,Phase,4
0301-0303-1011-1013-1201,0.0014781966001478197,0,0.9532225553090505,Phase,4
0301-0303-1011-1101-1103,7.390983000739098e-4,0,0.9532225553090505,Phase,4
0301-0303-1011-1101-1201,7.390983000739098e-4,0,0.9532225553090505,Phase,4
0301-0303-1011-1103,7.390983000739098e-4,0,0.9532225553090505,Phase,4
0301-0303-1011-1113,7.390983000739098e-4,0,0.9532225553090505,Phase,4
0301-0303-1013,7.390983000739098e-4,0,0.9532225553090505,Phase,4
0301-0303-1111,7.390983000739098e-4,0,0.9532225553090505,Phase,4
0301-0403-1001-1103,0,7.390983000739098e-4,0.9532225553090505,Phase,4
0301-0403-1011-1013,0,0.008130081300813009,0.9532225553090505,Phase,4
0302-0303,0.0022172949002217295,0,0.9532225553090505,Phase,4
0302-0303-1002-1003,0.004434589800443459,0,0.9532225553090505,Phase,4
0302-0303-1012,7.390983000739098e-4,0,0.9532225553090505,Phase,4
0302-0303-1012-1013,0.014042867701404288,0,0.9532225553090505,Phase,4
0302-0303-1012-1103,7.390983000739098e-4,0,0.9532225553090505,Phase,4
0302-0303-1102-1103,0.0014781966001478197,0,0.9532225553090505,Phase,4
0302-0310,7.390983000739098e-4,0,0.9532225553090505,Phase,4
0302-0310-1010,0.0014781966001478197,0,0.9532225553090505,Phase,4
0302-0310-1010-1012,0.007390983000739098,0.0022172949002217295,0.9532225553090505,Phase,4
0302-0310-1010-1012-1202,7.390983000739098e-4,0,0.9532225553090505,Phase,4
0302-1002-1010,7.390983000739098e-4,0,0.9532225553090505,Phase,4
0302-1010-1012,0.0022172949002217295,0,0.9532225553090505,Phase,4
0302-1010-1012-1102,7.390983000739098e-4,0.0022172949002217295,0.9532225553090505,Phase,4
0303,0.003695491500369549,0,0.9532225553090505,Phase,4
0303-0310,7.390983000739098e-4,0,0.9532225553090505,Phase,4
0303-0310-1010,0.0066518847006651885,0,0.9532225553090505,Phase,4
0303-0310-1010-1013,0.057649667405764965,0,0.9532225553090505,Phase,4
0303-0310-1010-1013-1103,7.390983000739098e-4,0,0.9532225553090505,Phase,4
0303-0310-1010-1013-1110,7.390983000739098e-4,0,0.9532225553090505,Phase,4
0303-0310-1010-1113,7.390983000739098e-4,0,0.9532225553090505,Phase,4
0303-0310-1010-1210,7.390983000739098e-4,0,0.9532225553090505,Phase,4
0303-0310-1013-1110,0.0014781966001478197,0,0.9532225553090505,Phase,4
0303-0311,0.0014781966001478197,0,0.9532225553090505,Phase,4
0303-0311-1003-1011,7.390983000739098e-4,0,0.9532225553090505,Phase,4
0303-0311-1011,7.390983000739098e-4,0,0.9532225553090505,Phase,4
0303-0311-1011-1013,0.025868440502586843,0,0.9532225553090505,Phase,4
0303-0311-1011-1013-1103,7.390983000739098e-4,0,0.9532225553090505,Phase,4
0303-0311-1011-1013-1211,7.390983000739098e-4,0,0.9532225553090505,Phase,4
0303-0311-1011-1113,0.0022172949002217295,0,0.9532225553090505,Phase,4
0303-0312-1003-1012,7.390983000739098e-4,0,0.9532225553090505,Phase,4
0303-1003,0.0014781966001478197,0,0.9532225553090505,Phase,4
0303-1003-1010,7.390983000739098e-4,0,0.9532225553090505,Phase,4
0303-1010,0.004434589800443459,0,0.9532225553090505,Phase,4
0303-1010-1013,0.1589061345158906,0,0.9532225553090505,Phase,4
0303-1010-1013-1103,0.0029563932002956393,0,0.9532225553090505,Phase,4
0303-1011-1013,0.0029563932002956393,0,0.9532225553090505,Phase,4
0303-1011-1013-1103,7.390983000739098e-4,0,0.9532225553090505,Phase,4
0303-1012-1013,7.390983000739098e-4,0,0.9532225553090505,Phase,4
0303-1013,0.008130081300813009,0,0.9532225553090505,Phase,4
0303-1102-1103,7.390983000739098e-4,0,0.9532225553090505,Phase,4
0303-1103,7.390983000739098e-4,0,0.9532225553090505,Phase,4
0303-1110-1113,7.390983000739098e-4,0,0.9532225553090505,Phase,4
0310-0311-1010,0.0014781966001478197,0,0.9532225553090505,Phase,4
0310-0311-1010-1011,0.008130081300813009,0.005173688100517369,0.9532225553090505,Phase,4
0310-0311-1010-1210,7.390983000739098e-4,0,0.9532225553090505,Phase,4
0310-0312-1010-1012,0.0022172949002217295,0,0.9532225553090505,Phase,4
0310-0312-1010-1112,7.390983000739098e-4,7.390983000739098e-4,0.9532225553090505,Phase,4
0310-0313-1010,7.390983000739098e-4,0,0.9532225553090505,Phase,4
0310-0313-1010-1013,0.005173688100517369,0.0014781966001478197,0.9532225553090505,Phase,4
0310-0400-0403-1010,0,0.0029563932002956393,0.9532225553090505,Phase,4
0310-0400-0403-1110,0,7.390983000739098e-4,0.9532225553090505,Phase,4
0310-0402-1010-1012,0,0.0029563932002956393,0.9532225553090505,Phase,4
0310-0403-1010-1013,0,0.017738359201773836,0.9532225553090505,Phase,4
0310-0403-1110-1113,0,0.0022172949002217295,0.9532225553090505,Phase,4
0310-0403-1110-1213,0,7.390983000739098e-4,0.9532225553090505,Phase,4
0310-0412-1010-1012,0,7.390983000739098e-4,0.9532225553090505,Phase,4
0310-0412-1010-1112,0,7.390983000739098e-4,0.9532225553090505,Phase,4
0310-0413-1010-1013,0,7.390983000739098e-4,0.9532225553090505,Phase,4
0310-0413-1010-1113,0,7.390983000739098e-4,0.9532225553090505,Phase,4
0310-1010,0.0022172949002217295,0,0.9532225553090505,Phase,4
0310-1010-1011,7.390983000739098e-4,0,0.9532225553090505,Phase,4
0311-0312-1011-1012,7.390983000739098e-4,0,0.9532225553090505,Phase,4
0311-0313,7.390983000739098e-4,0,0.9532225553090505,Phase,4
0311-0313-0401-0403,0,7.390983000739098e-4,0.9532225553090505,Phase,4
0311-0313-1011-1013,0.004434589800443459,0.0022172949002217295,0.9532225553090505,Phase,4
0311-0313-1111-1113,0,7.390983000739098e-4,0.9532225553090505,Phase,4
0311-0401-0403-1211,0,0.0014781966001478197,0.9532225553090505,Phase,4
0311-0403-1011-1013,0,0.013303769401330377,0.9532225553090505,Phase,4
0311-0413-1011-1013,0,7.390983000739098e-4,0.9532225553090505,Phase,4
0311-1010-1011,7.390983000739098e-4,0,0.9532225553090505,Phase,4
0312-0313-0402-0403,0,0.0014781966001478197,0.9532225553090505,Phase,4
0312-0313-1012-1013,0.0014781966001478197,0.0022172949002217295,0.9532225553090505,Phase,4
0312-0402-1010-1112,0,7.390983000739098e-4,0.9532225553090505,Phase,4
0312-1010-1012,0.0014781966001478197,0,0.9532225553090505,Phase,4
0313-0401-0403-1111,0,7.390983000739098e-4,0.9532225553090505,Phase,4
0313-0403-1010-1013,0,0.010347376201034738,0.9532225553090505,Phase,4
0313-0403-1010-1113,0,0.028085735402808575,0.9532225553090505,Phase,4
0313-0403-1011-1013,0,7.390983000739098e-4,0.9532225553090505,Phase,4
0313-0403-1011-1113,0,0.0014781966001478197,0.9532225553090505,Phase,4
0313-0403-1011-1213,0,7.390983000739098e-4,0.9532225553090505,Phase,4
0313-0403-1110-1113,0,0.004434589800443459,0.9532225553090505,Phase,4
0313-1010-1013,0.0014781966001478197,0,0.9532225553090505,Phase,4
0313-1012-1013,7.390983000739098e-4,0,0.9532225553090505,Phase,4
0400-0401-1010-1011,0,0.010347376201034738,0.9532225553090505,Phase,4
0400-0401-1110-1111,0,0.0022172949002217295,0.9532225553090505,Phase,4
0400-0402-1002-1010,0,7.390983000739098e-4,0.9532225553090505,Phase,4
0400-0402-1010-1012,0,0.004434589800443459,0.9532225553090505,Phase,4
0400-0402-1010-1100,0,7.390983000739098e-4,0.9532225553090505,Phase,4
0400-0402-1010-1102,0,0.0022172949002217295,0.9532225553090505,Phase,4
0400-0402-1010-1112,0,7.390983000739098e-4,0.9532225553090505,Phase,4
0400-0402-1010-1200,0,7.390983000739098e-4,0.9532225553090505,Phase,4
0400-0402-1110-1202,0,7.390983000739098e-4,0.9532225553090505,Phase,4
0400-0403-1010-1013,0,0.020694752402069475,0.9532225553090505,Phase,4
0400-0403-1010-1100,0,0.011086474501108648,0.9532225553090505,Phase,4
0400-0403-1010-1103,0,0.0066518847006651885,0.9532225553090505,Phase,4
0400-0403-1010-1113,0,0.016999260901699925,0.9532225553090505,Phase,4
0400-0403-1010-1200,0,0.030303030303030304,0.9532225553090505,Phase,4
0400-0403-1010-1203,0,0.014042867701404288,0.9532225553090505,Phase,4
0400-0403-1010-1213,0,0.004434589800443459,0.9532225553090505,Phase,4
0400-0403-1010-1300,0,0.0014781966001478197,0.9532225553090505,Phase,4
0400-0403-1010-1303,0,0.005173688100517369,0.9532225553090505,Phase,4
0400-0403-1110-1113,0,0.0014781966001478197,0.9532225553090505,Phase,4
0400-0403-1110-1203,0,0.005173688100517369,0.9532225553090505,Phase,4
0400-0403-1110-1300,0,0.003695491500369549,0.9532225553090505,Phase,4
0400-0403-1110-1303,0,7.390983000739098e-4,0.9532225553090505,Phase,4
0400-0403-1200-1203,0,0.0022172949002217295,0.9532225553090505,Phase,4
0400-0403-1200-1303,0,0.004434589800443459,0.9532225553090505,Phase,4
0400-0403-1210-1300,0,7.390983000739098e-4,0.9532225553090505,Phase,4
0400-0403-1300-1303,0,7.390983000739098e-4,0.9532225553090505,Phase,4
0401-0402-1011-1012,0,7.390983000739098e-4,0.9532225553090505,Phase,4
0401-0403-1011-1013,0,0.010347376201034738,0.9532225553090505,Phase,4
0401-0403-1011-1101,0,0.0014781966001478197,0.9532225553090505,Phase,4
0401-0403-1011-1103,0,0.0014781966001478197,0.9532225553090505,Phase,4
0401-0403-1011-1113,0,0.008130081300813009,0.9532225553090505,Phase,4
0401-0403-1011-1201,0,0.003695491500369549,0.9532225553090505,Phase,4
0401-0403-1011-1203,0,7.390983000739098e-4,0.9532225553090505,Phase,4
0401-0403-1101-1203,0,7.390983000739098e-4,0.9532225553090505,Phase,4
0401-0403-1101-1303,0,0.0014781966001478197,0.9532225553090505,Phase,4
0401-0403-1103-1111,0,0.0014781966001478197,0.9532225553090505,Phase,4
0401-0403-1111-1113,0,0.003695491500369549,0.9532225553090505,Phase,4
0401-0403-1111-1203,0,0.005173688100517369,0.9532225553090505,Phase,4
0401-0403-1111-1213,0,7.390983000739098e-4,0.9532225553090505,Phase,4
0401-0403-1201-1203,0,0.003695491500369549,0.9532225553090505,Phase,4
0401-0403-1211-1213,0,7.390983000739098e-4,0.9532225553090505,Phase,4
0401-0403-1301-1303,0,7.390983000739098e-4,0.9532225553090505,Phase,4
0402-0403-1012-1013,0,0.0066518847006651885,0.9532225553090505,Phase,4
0402-0403-1102-1103,0,0.005173688100517369,0.9532225553090505,Phase,4
0402-0403-1112-1113,0,0.005173688100517369,0.9532225553090505,Phase,4
0402-0403-1202-1203,0,0.004434589800443459,0.9532225553090505,Phase,4
0402-0403-1212-1213,0,7.390983000739098e-4,0.9532225553090505,Phase,4
0402-0403-1302-1303,0,0.0022172949002217295,0.9532225553090505,Phase,4
0402-0410-1010-1012,0,7.390983000739098e-4,0.9532225553090505,Phase,4
0402-0410-1110-1112,0,7.390983000739098e-4,0.9532225553090505,Phase,4
0402-1010-1012-1102,0,7.390983000739098e-4,0.9532225553090505,Phase,4
0402-1010-1012-1202,0,0.0029563932002956393,0.9532225553090505,Phase,4
0402-1010-1100-1202,0,7.390983000739098e-4,0.9532225553090505,Phase,4
0403-0410-1010-1013,0,0.0029563932002956393,0.9532225553090505,Phase,4
0403-0410-1110-1113,0,0.0014781966001478197,0.9532225553090505,Phase,4
0403-0410-1110-1203,0,7.390983000739098e-4,0.9532225553090505,Phase,4
0403-0410-1110-1213,0,7.390983000739098e-4,0.9532225553090505,Phase,4
0403-0410-1210-1303,0,7.390983000739098e-4,0.9532225553090505,Phase,4
0403-0411-1011-1013,0,0.0022172949002217295,0.9532225553090505,Phase,4
0403-0411-1111-1113,0,0.0066518847006651885,0.9532225553090505,Phase,4
0403-0411-1111-1203,0,7.390983000739098e-4,0.9532225553090505,Phase,4
0403-0411-1203-1211,0,0.0014781966001478197,0.9532225553090505,Phase,4
0403-1010-1013-1100,0,7.390983000739098e-4,0.9532225553090505,Phase,4
0403-1010-1013-1103,0,0.0014781966001478197,0.9532225553090505,Phase,4
0403-1010-1013-1203,0,0.08795269770879527,0.9532225553090505,Phase,4
0403-1010-1013-1303,0,0.010347376201034738,0.9532225553090505,Phase,4
0403-1010-1100-1203,0,0.026607538802660754,0.9532225553090505,Phase,4
0403-1010-1100-1303,0,0.005173688100517369,0.9532225553090505,Phase,4
0403-1010-1113-1303,0,0.018477457501847747,0.9532225553090505,Phase,4
0403-1010-1200-1203,0,0.012564671101256468,0.9532225553090505,Phase,4
0403-1010-1200-1303,0,0.011086474501108648,0.9532225553090505,Phase,4
0403-1011-1013-1203,0,0.011825572801182557,0.9532225553090505,Phase,4
0403-1011-1101-1203,0,0.0022172949002217295,0.9532225553090505,Phase,4
0403-1011-1113-1303,0,0.0029563932002956393,0.9532225553090505,Phase,4
0403-1011-1201-1203,0,7.390983000739098e-4,0.9532225553090505,Phase,4
0403-1110-1113-1303,0,0.0022172949002217295,0.9532225553090505,Phase,4
0403-1110-1213-1303,0,7.390983000739098e-4,0.9532225553090505,Phase,4
0403-1111-1113-1303,0,0.0029563932002956393,0.9532225553090505,Phase,4
0410-0411-1110-1111,0,7.390983000739098e-4,0.9532225553090505,Phase,4
0410-0412-1210-1212,0,7.390983000739098e-4,0.9532225553090505,Phase,4
0410-0413-1110-1113,0,7.390983000739098e-4,0.9532225553090505,Phase,4
0411-0412-1111-1112,0,7.390983000739098e-4,0.9532225553090505,Phase,4
0411-0413-1011-1013,0,7.390983000739098e-4,0.9532225553090505,Phase,4
0411-0413-1211-1213,0,7.390983000739098e-4,0.9532225553090505,Phase,4
1010,0.005912786400591279,0,0.9532225553090505,Phase,4
1010-1011,0.005912786400591279,0,0.9532225553090505,Phase,4
1010-1011-1100-1101,0,0.0022172949002217295,0.9532225553090505,Phase,4
1010-1011-1200-1201,0,7.390983000739098e-4,0.9532225553090505,Phase,4
1010-1011-1300-1301,0.0014781966001478197,0,0.9532225553090505,Phase,4
1010-1011-1400-1401,0,7.390983000739098e-4,0.9532225553090505,Phase,4
1010-1012,0.0022172949002217295,0,0.9532225553090505,Phase,4
1010-1012-1100-1102,0,7.390983000739098e-4,0.9532225553090505,Phase,4
1010-1012-1200-1202,0,7.390983000739098e-4,0.9532225553090505,Phase,4
1010-1012-1302,7.390983000739098e-4,0,0.9532225553090505,Phase,4
1010-1013,7.390983000739098e-4,0,0.9532225553090505,Phase,4
1010-1013-1200-1303,0,7.390983000739098e-4,0.9532225553090505,Phase,4
1010-1013-1300-1303,0.0029563932002956393,7.390983000739098e-4,0.9532225553090505,Phase,4
1010-1013-1300-1403,0,7.390983000739098e-4,0.9532225553090505,Phase,4
1010-1013-1400-1403,0,7.390983000739098e-4,0.9532225553090505,Phase,4
1010-1112-1200-1302,0,7.390983000739098e-4,0.9532225553090505,Phase,4
1010-1200,7.390983000739098e-4,0,0.9532225553090505,Phase,4
1010-1300-1301,7.390983000739098e-4,0,0.9532225553090505,Phase,4
1011-1012,7.390983000739098e-4,0,0.9532225553090505,Phase,4
1011-1012-1101-1102,0,7.390983000739098e-4,0.9532225553090505,Phase,4
1011-1013,7.390983000739098e-4,0,0.9532225553090505,Phase,4
1011-1013-1201-1301-1303,7.390983000739098e-4,0,0.9532225553090505,Phase,4
1011-1013-1201-1403,0,7.390983000739098e-4,0.9532225553090505,Phase,4
1012-1013-1202-1203-1302-1303,7.390983000739098e-4,0,0.9532225553090505,Phase,4
1012-1013-1302-1303,0.0014781966001478197,0.0022172949002217295,0.9532225553090505,Phase,4
1110-1111-1400-1401,0,7.390983000739098e-4,0.9532225553090505,Phase,4
1210-1211-1400-1401,0,7.390983000739098e-4,0.9532225553090505,Phase,4
1301-1303,7.390983000739098e-4,0,0.9532225553090505,Phase,4
1311-1313-1401-1403,0,7.390983000739098e-4,0.9532225553090505,Phase,4
Monostable,0.009608277900960829,0,0.0048208679045577615,monoMulti,4
Multistable,0.9903917220990391,1,0.0048208679045577615,monoMulti,4
1,0.009608277900960829,0,0.28403124269555136,nState,4
2,0.04804138950480414,0,0.28403124269555136,nState,4
3,0.3385070214338507,0,0.28403124269555136,nState,4
4,0.5351071692535108,1,0.28403124269555136,nState,4
5,0.06060606060606061,0,0.28403124269555136,nState,4
6,0.008130081300813009,0,0.28403124269555136,nState,4
-1,0,0.04913793103448276,0.8238086263939162,Phase,2
0001-0301-0303,5.747126436781609e-4,0,0.8238086263939162,Phase,2
0002-0010-0300-0302,2.8735632183908046e-4,0,0.8238086263939162,Phase,2
0010,0.0014367816091954023,0,0.8238086263939162,Phase,2
0010-0011,8.620689655172414e-4,5.747126436781609e-4,0.8238086263939162,Phase,2
0010-0011-0100-0101-0300-0301,2.8735632183908046e-4,0,0.8238086263939162,Phase,2
0010-0011-0300-0301,8.620689655172414e-4,0,0.8238086263939162,Phase,2
0010-0011-0310-0311,2.8735632183908046e-4,0,0.8238086263939162,Phase,2
0010-0012,2.8735632183908046e-4,2.8735632183908046e-4,0.8238086263939162,Phase,2
0010-0012-0302-0310,2.8735632183908046e-4,0,0.8238086263939162,Phase,2
0010-0012-0310-0312,5.747126436781609e-4,0,0.8238086263939162,Phase,2
0010-0012-0312,2.8735632183908046e-4,0,0.8238086263939162,Phase,2
0010-0013-0100-0300-0303,2.8735632183908046e-4,0,0.8238086263939162,Phase,2
0010-0013-0300-0303,2.8735632183908046e-4,0,0.8238086263939162,Phase,2
0010-0013-0303,0.004310344827586207,0,0.8238086263939162,Phase,2
0010-0013-0303-0310,5.747126436781609e-4,0,0.8238086263939162,Phase,2
0010-0013-0313,8.620689655172414e-4,0,0.8238086263939162,Phase,2
0010-0100-0300-0302,2.8735632183908046e-4,0,0.8238086263939162,Phase,2
0010-0100-0300-0303,8.620689655172414e-4,0,0.8238086263939162,Phase,2
0010-0102,0,5.747126436781609e-4,0.8238086263939162,Phase,2
0010-0110-0303-0310,2.8735632183908046e-4,0,0.8238086263939162,Phase,2
0010-0111-0210-0311,2.8735632183908046e-4,0,0.8238086263939162,Phase,2
0010-0112-0302,2.8735632183908046e-4,0,0.8238086263939162,Phase,2
0010-0113,0,2.8735632183908046e-4,0.8238086263939162,Phase,2
0010-0113-0300-0303,2.8735632183908046e-4,0,0.8238086263939162,Phase,2
0010-0113-0303,0.0014367816091954023,0,0.8238086263939162,Phase,2
0010-0113-0303-0310,5.747126436781609e-4,0,0.8238086263939162,Phase,2
0010-0113-0310-0313,2.8735632183908046e-4,0,0.8238086263939162,Phase,2
0010-0113-0313,5.747126436781609e-4,0,0.8238086263939162,Phase,2
0010-0200-0300-0303,5.747126436781609e-4,0,0.8238086263939162,Phase,2
0010-0210-0300-0303,8.620689655172414e-4,0,0.8238086263939162,Phase,2
0010-0210-0303,0.003160919540229885,0,0.8238086263939162,Phase,2
0010-0213,0,5.747126436781609e-4,0.8238086263939162,Phase,2
0010-0300,0.002011494252873563,5.747126436781609e-4,0.8238086263939162,Phase,2
0010-0300-0302,5.747126436781609e-4,0,0.8238086263939162,Phase,2
0010-0300-0303,0.017816091954022988,0,0.8238086263939162,Phase,2
0010-0302,0,2.8735632183908046e-4,0.8238086263939162,Phase,2
0010-0303,0.015517241379310345,2.8735632183908046e-4,0.8238086263939162,Phase,2
0010-0303-0310,0.013505747126436781,0,0.8238086263939162,Phase,2
0010-0310,5.747126436781609e-4,0,0.8238086263939162,Phase,2
0010-0310-0312,2.8735632183908046e-4,0,0.8238086263939162,Phase,2
0010-0310-0313,0.0014367816091954023,0,0.8238086263939162,Phase,2
0010-0313,5.747126436781609e-4,0,0.8238086263939162,Phase,2
0010-0403,0,0.013505747126436781,0.8238086263939162,Phase,2
0010-0413,0,2.8735632183908046e-4,0.8238086263939162,Phase,2
0011-0013-0101-0301-0303,2.8735632183908046e-4,0,0.8238086263939162,Phase,2
0011-0013-0303-0311,5.747126436781609e-4,0,0.8238086263939162,Phase,2
0011-0101-0301-0303,5.747126436781609e-4,0,0.8238086263939162,Phase,2
0011-0301-0303,0.0011494252873563218,0,0.8238086263939162,Phase,2
0011-0313,2.8735632183908046e-4,0,0.8238086263939162,Phase,2
0012-0013-0302-0303,2.8735632183908046e-4,0,0.8238086263939162,Phase,2
0012-0110-0312,5.747126436781609e-4,0,0.8238086263939162,Phase,2
0012-0302,2.8735632183908046e-4,0,0.8238086263939162,Phase,2
0013-0303,0.0014367816091954023,0,0.8238086263939162,Phase,2
0013-0403,0,2.8735632183908046e-4,0.8238086263939162,Phase,2
0100-0300-0303-1000,2.8735632183908046e-4,0,0.8238086263939162,Phase,2
0101-0301-0303-1001,0.0011494252873563218,0,0.8238086263939162,Phase,2
0101-0301-0303-1001-1003,5.747126436781609e-4,0,0.8238086263939162,Phase,2
0101-0403,0,2.8735632183908046e-4,0.8238086263939162,Phase,2
0110-0111,2.8735632183908046e-4,0.0011494252873563218,0.8238086263939162,Phase,2
0110-0111-0310-0311-1010,2.8735632183908046e-4,0,0.8238086263939162,Phase,2
0110-0111-0310-0311-1010-1011,2.8735632183908046e-4,0,0.8238086263939162,Phase,2
0110-0112,0,8.620689655172414e-4,0.8238086263939162,Phase,2
0110-0112-0302-0310-1010-1012,2.8735632183908046e-4,0,0.8238086263939162,Phase,2
0110-0113,0,2.8735632183908046e-4,0.8238086263939162,Phase,2
0110-0113-0300-0303,2.8735632183908046e-4,0,0.8238086263939162,Phase,2
0110-0113-0300-0303-1010-1013,2.8735632183908046e-4,0,0.8238086263939162,Phase,2
0110-0113-0303-0310-1010-1013,8.620689655172414e-4,0,0.8238086263939162,Phase,2
0110-0213,0,8.620689655172414e-4,0.8238086263939162,Phase,2
0110-0300,2.8735632183908046e-4,2.8735632183908046e-4,0.8238086263939162,Phase,2
0110-0300-0303,0.0014367816091954023,0,0.8238086263939162,Phase,2
0110-0300-0303-1010,0.0034482758620689655,0,0.8238086263939162,Phase,2
0110-0300-0303-1010-1013,2.8735632183908046e-4,0,0.8238086263939162,Phase,2
0110-0300-1010,0.0011494252873563218,0,0.8238086263939162,Phase,2
0110-0303,8.620689655172414e-4,0,0.8238086263939162,Phase,2
0110-0303-0310,0.003160919540229885,0,0.8238086263939162,Phase,2
0110-0303-0310-1010,0.004597701149425287,0,0.8238086263939162,Phase,2
0110-0303-0310-1010-1013,0.0014367816091954023,0,0.8238086263939162,Phase,2
0110-0303-1010,2.8735632183908046e-4,0,0.8238086263939162,Phase,2
0110-0310,2.8735632183908046e-4,0,0.8238086263939162,Phase,2
0110-0310-0312-1010-1012,2.8735632183908046e-4,0,0.8238086263939162,Phase,2
0110-0310-0313,2.8735632183908046e-4,0,0.8238086263939162,Phase,2
0110-0310-1010,5.747126436781609e-4,0,0.8238086263939162,Phase,2
0110-0312,0,2.8735632183908046e-4,0.8238086263939162,Phase,2
0110-0313,2.8735632183908046e-4,5.747126436781609e-4,0.8238086263939162,Phase,2
0110-0400,0,0.0014367816091954023,0.8238086263939162,Phase,2
0110-0403,0,0.02385057471264368,0.8238086263939162,Phase,2
0110-0412,0,2.8735632183908046e-4,0.8238086263939162,Phase,2
0110-0413,0,5.747126436781609e-4,0.8238086263939162,Phase,2
0110-1010,0,0.010919540229885057,0.8238086263939162,Phase,2
0111-0113-0303-0311-1011-1013,5.747126436781609e-4,0,0.8238086263939162,Phase,2
0111-0301-0303-1011,0.0011494252873563218,0,0.8238086263939162,Phase,2
0111-0301-0303-1011-1113,2.8735632183908046e-4,0,0.8238086263939162,Phase,2
0111-0301-1011,5.747126436781609e-4,0,0.8238086263939162,Phase,2
0111-0303-0311,2.8735632183908046e-4,0,0.8238086263939162,Phase,2
0111-0303-0311-1011,2.8735632183908046e-4,0,0.8238086263939162,Phase,2
0111-0303-0311-1011-1013,2.8735632183908046e-4,0,0.8238086263939162,Phase,2
0111-0311-1011,2.8735632183908046e-4,0,0.8238086263939162,Phase,2
0111-0401,0,2.8735632183908046e-4,0.8238086263939162,Phase,2
0111-0413,0,2.8735632183908046e-4,0.8238086263939162,Phase,2
0112-0113-0302-0303-1012-1013,2.8735632183908046e-4,0,0.8238086263939162,Phase,2
0112-0302,2.8735632183908046e-4,0,0.8238086263939162,Phase,2
0112-0402,0,2.8735632183908046e-4,0.8238086263939162,Phase,2
0113-0300-0303-1010-1013,2.8735632183908046e-4,0,0.8238086263939162,Phase,2
0113-0302-0303-1012-1013,2.8735632183908046e-4,0,0.8238086263939162,Phase,2
0113-0303,2.8735632183908046e-4,0,0.8238086263939162,Phase,2
0113-0303-0310-1010-1013,2.8735632183908046e-4,0,0.8238086263939162,Phase,2
0113-0303-1010-1013,0.0014367816091954023,0,0.8238086263939162,Phase,2
0113-0303-1013,0.004310344827586207,0,0.8238086263939162,Phase,2
0113-0403,0,2.8735632183908046e-4,0.8238086263939162,Phase,2
0200-0201,0,2.8735632183908046e-4,0.8238086263939162,Phase,2
0200-0300-0303-1010,0.0011494252873563218,0,0.8238086263939162,Phase,2
0200-0300-1010,0.0014367816091954023,0,0.8238086263939162,Phase,2
0200-0403,0,5.747126436781609e-4,0.8238086263939162,Phase,2
0201-0301-0303-1001,2.8735632183908046e-4,0,0.8238086263939162,Phase,2
0201-0301-0303-1001-1003,2.8735632183908046e-4,0,0.8238086263939162,Phase,2
0201-0301-0303-1011,2.8735632183908046e-4,0,0.8238086263939162,Phase,2
0201-0403,0,0.0017241379310344827,0.8238086263939162,Phase,2
0202-1002,0,2.8735632183908046e-4,0.8238086263939162,Phase,2
0202-1010,0,2.8735632183908046e-4,0.8238086263939162,Phase,2
0203-1010,0,2.8735632183908046e-4,0.8238086263939162,Phase,2
0210-0211,2.8735632183908046e-4,0.0011494252873563218,0.8238086263939162,Phase,2
0210-0211-1010-1011,5.747126436781609e-4,0,0.8238086263939162,Phase,2
0210-0211-1010-1111,2.8735632183908046e-4,0,0.8238086263939162,Phase,2
0210-0212,0,5.747126436781609e-4,0.8238086263939162,Phase,2
0210-0300,2.8735632183908046e-4,0,0.8238086263939162,Phase,2
0210-0300-0303-1010,0.002011494252873563,0,0.8238086263939162,Phase,2
0210-0300-0303-1110,2.8735632183908046e-4,0,0.8238086263939162,Phase,2
0210-0300-1010,0.0014367816091954023,0,0.8238086263939162,Phase,2
0210-0302,2.8735632183908046e-4,2.8735632183908046e-4,0.8238086263939162,Phase,2
0210-0302-1010-1012,2.8735632183908046e-4,0,0.8238086263939162,Phase,2
0210-0303-0310,8.620689655172414e-4,0,0.8238086263939162,Phase,2
0210-0303-0310-1010,0.0014367816091954023,0,0.8238086263939162,Phase,2
0210-0303-1010,0.002011494252873563,0,0.8238086263939162,Phase,2
0210-0303-1010-1013,8.620689655172414e-4,0,0.8238086263939162,Phase,2
0210-0310-0311-1010,2.8735632183908046e-4,0,0.8238086263939162,Phase,2
0210-0310-0313-1110,2.8735632183908046e-4,0,0.8238086263939162,Phase,2
0210-0312-1010,2.8735632183908046e-4,0,0.8238086263939162,Phase,2
0210-0313,2.8735632183908046e-4,2.8735632183908046e-4,0.8238086263939162,Phase,2
0210-0313-1010,2.8735632183908046e-4,0,0.8238086263939162,Phase,2
0210-0313-1010-1013,0.0011494252873563218,0,0.8238086263939162,Phase,2
0210-0400,0,8.620689655172414e-4,0.8238086263939162,Phase,2
0210-0402,0,2.8735632183908046e-4,0.8238086263939162,Phase,2
0210-0403,0,0.021264367816091954,0.8238086263939162,Phase,2
0210-0412,0,5.747126436781609e-4,0.8238086263939162,Phase,2
0210-0413,0,0.0011494252873563218,0.8238086263939162,Phase,2
0210-1010,0.003160919540229885,0.016091954022988506,0.8238086263939162,Phase,2
0211-0303-0311,2.8735632183908046e-4,0,0.8238086263939162,Phase,2
0211-0303-0311-1011-1013,5.747126436781609e-4,0,0.8238086263939162,Phase,2
0211-0311-1011,2.8735632183908046e-4,0,0.8238086263939162,Phase,2
0211-0401,0,5.747126436781609e-4,0.8238086263939162,Phase,2
0211-0403,0,2.8735632183908046e-4,0.8238086263939162,Phase,2
0212-0312-1010-1012,2.8735632183908046e-4,0,0.8238086263939162,Phase,2
0212-1010,0,5.747126436781609e-4,0.8238086263939162,Phase,2
0212-1012,0,2.8735632183908046e-4,0.8238086263939162,Phase,2
0213-0303-1010-1013,2.8735632183908046e-4,0,0.8238086263939162,Phase,2
0213-0313-1010-1013,2.8735632183908046e-4,0,0.8238086263939162,Phase,2
0213-0313-1013,5.747126436781609e-4,0,0.8238086263939162,Phase,2
0213-0403,0,0.005747126436781609,0.8238086263939162,Phase,2
0213-1010,0,5.747126436781609e-4,0.8238086263939162,Phase,2
0213-1013,0,5.747126436781609e-4,0.8238086263939162,Phase,2
0300,8.620689655172414e-4,0,0.8238086263939162,Phase,2
0300-0301-1010-1011,0.0022988505747126436,0,0.8238086263939162,Phase,2
0300-0301-1010-1011-1200,2.8735632183908046e-4,0,0.8238086263939162,Phase,2
0300-0302,5.747126436781609e-4,0,0.8238086263939162,Phase,2
0300-0302-1002-1010,0.0017241379310344827,0,0.8238086263939162,Phase,2
0300-0302-1010,5.747126436781609e-4,0,0.8238086263939162,Phase,2
0300-0302-1010-1012,0.0014367816091954023,0,0.8238086263939162,Phase,2
0300-0302-1010-1012-1200,2.8735632183908046e-4,0,0.8238086263939162,Phase,2
0300-0302-1010-1012-1202,2.8735632183908046e-4,0,0.8238086263939162,Phase,2
0300-0302-1010-1200,2.8735632183908046e-4,0,0.8238086263939162,Phase,2
0300-0302-1110,2.8735632183908046e-4,0,0.8238086263939162,Phase,2
0300-0303,0.008045977011494253,0,0.8238086263939162,Phase,2
0300-0303-0310-1010,2.8735632183908046e-4,0,0.8238086263939162,Phase,2
0300-0303-1000,5.747126436781609e-4,0,0.8238086263939162,Phase,2
0300-0303-1003-1010,0.01752873563218391,0,0.8238086263939162,Phase,2
0300-0303-1010,0.039655172413793106,0,0.8238086263939162,Phase,2
0300-0303-1010-1013,0.0022988505747126436,0,0.8238086263939162,Phase,2
0300-0303-1010-1013-1100,2.8735632183908046e-4,0,0.8238086263939162,Phase,2
0300-0303-1010-1013-1200,2.8735632183908046e-4,0,0.8238086263939162,Phase,2
0300-0303-1010-1100,0.0017241379310344827,0,0.8238086263939162,Phase,2
0300-0303-1010-1100-1103,2.8735632183908046e-4,0,0.8238086263939162,Phase,2
0300-0303-1010-1103,2.8735632183908046e-4,0,0.8238086263939162,Phase,2
0300-0303-1010-1200,0.0014367816091954023,0,0.8238086263939162,Phase,2
0300-0303-1110,2.8735632183908046e-4,0,0.8238086263939162,Phase,2
0300-0310-1010,2.8735632183908046e-4,0,0.8238086263939162,Phase,2
0300-0402,0,2.8735632183908046e-4,0.8238086263939162,Phase,2
0300-0403,0,0.010057471264367816,0.8238086263939162,Phase,2
0300-1000,2.8735632183908046e-4,0,0.8238086263939162,Phase,2
0300-1003-1010,2.8735632183908046e-4,0,0.8238086263939162,Phase,2
0300-1010,0.04626436781609195,0.015804597701149427,0.8238086263939162,Phase,2
0300-1010-1011,5.747126436781609e-4,0,0.8238086263939162,Phase,2
0300-1010-1100,0.0014367816091954023,0,0.8238086263939162,Phase,2
0300-1010-1200,0.0011494252873563218,0,0.8238086263939162,Phase,2
0300-1100,0,2.8735632183908046e-4,0.8238086263939162,Phase,2
0300-1110,5.747126436781609e-4,0,0.8238086263939162,Phase,2
0301,2.8735632183908046e-4,0,0.8238086263939162,Phase,2
0301-0302-1011-1012,5.747126436781609e-4,0,0.8238086263939162,Phase,2
0301-0303,0.007471264367816092,0,0.8238086263939162,Phase,2
0301-0303-1001,0.0066091954022988505,0,0.8238086263939162,Phase,2
0301-0303-1001-1003,0.0022988505747126436,0,0.8238086263939162,Phase,2
0301-0303-1001-1103,5.747126436781609e-4,0,0.8238086263939162,Phase,2
0301-0303-1001-1201,2.8735632183908046e-4,0,0.8238086263939162,Phase,2
0301-0303-1003-1011,0.002011494252873563,0,0.8238086263939162,Phase,2
0301-0303-1011,0.003160919540229885,0,0.8238086263939162,Phase,2
0301-0303-1011-1013,0.003160919540229885,0,0.8238086263939162,Phase,2
0301-0303-1011-1013-1103,5.747126436781609e-4,0,0.8238086263939162,Phase,2
0301-0303-1011-1101-1103,0.0011494252873563218,0,0.8238086263939162,Phase,2
0301-0303-1013-1101,2.8735632183908046e-4,0,0.8238086263939162,Phase,2
0301-0303-1103,2.8735632183908046e-4,0,0.8238086263939162,Phase,2
0301-0303-1201,2.8735632183908046e-4,0,0.8238086263939162,Phase,2
0301-0310-1010-1011,2.8735632183908046e-4,0,0.8238086263939162,Phase,2
0301-0403,0,0.0066091954022988505,0.8238086263939162,Phase,2
0301-1011,0.0011494252873563218,0,0.8238086263939162,Phase,2
0302-0303,0.005747126436781609,0,0.8238086263939162,Phase,2
0302-0303-1002-1003,0.0011494252873563218,0,0.8238086263939162,Phase,2
0302-0303-1012-1013,0.0028735632183908046,0,0.8238086263939162,Phase,2
0302-0303-1102-1103,8.620689655172414e-4,0,0.8238086263939162,Phase,2
0302-0310-1010-1012-1202,2.8735632183908046e-4,0,0.8238086263939162,Phase,2
0302-0310-1110,2.8735632183908046e-4,0,0.8238086263939162,Phase,2
0302-1002,2.8735632183908046e-4,0,0.8238086263939162,Phase,2
0302-1002-1010,8.620689655172414e-4,0,0.8238086263939162,Phase,2
0302-1010-1012,0.004310344827586207,0,0.8238086263939162,Phase,2
0302-1010-1012-1102,2.8735632183908046e-4,0,0.8238086263939162,Phase,2
0302-1010-1012-1202,2.8735632183908046e-4,0,0.8238086263939162,Phase,2
0302-1012,5.747126436781609e-4,5.747126436781609e-4,0.8238086263939162,Phase,2
0303,0.01839080459770115,0,0.8238086263939162,Phase,2
0303-0310,0.007183908045977011,0,0.8238086263939162,Phase,2
0303-0310-1003-1010,8.620689655172414e-4,0,0.8238086263939162,Phase,2
0303-0310-1010,0.03132183908045977,0,0.8238086263939162,Phase,2
0303-0310-1010-1013,0.017241379310344827,0,0.8238086263939162,Phase,2
0303-0310-1010-1013-1103,2.8735632183908046e-4,0,0.8238086263939162,Phase,2
0303-0310-1010-1103,0.0011494252873563218,0,0.8238086263939162,Phase,2
0303-0310-1010-1203,2.8735632183908046e-4,0,0.8238086263939162,Phase,2
0303-0310-1010-1210,8.620689655172414e-4,0,0.8238086263939162,Phase,2
0303-0310-1110,0.0011494252873563218,0,0.8238086263939162,Phase,2
0303-0310-1210,2.8735632183908046e-4,0,0.8238086263939162,Phase,2
0303-0311,0.005459770114942529,0,0.8238086263939162,Phase,2
0303-0311-1011,0.002011494252873563,0,0.8238086263939162,Phase,2
0303-0311-1011-1013,0.00632183908045977,0,0.8238086263939162,Phase,2
0303-0311-1011-1013-1103,2.8735632183908046e-4,0,0.8238086263939162,Phase,2
0303-0311-1111,2.8735632183908046e-4,0,0.8238086263939162,Phase,2
0303-1001-1003,2.8735632183908046e-4,0,0.8238086263939162,Phase,2
0303-1003,0.017241379310344827,2.8735632183908046e-4,0.8238086263939162,Phase,2
0303-1003-1010,0.01867816091954023,0,0.8238086263939162,Phase,2
0303-1003-1010-1203,5.747126436781609e-4,0,0.8238086263939162,Phase,2
0303-1003-1011,2.8735632183908046e-4,0,0.8238086263939162,Phase,2
0303-1003-1203,2.8735632183908046e-4,0,0.8238086263939162,Phase,2
0303-1010,0.03620689655172414,0.0011494252873563218,0.8238086263939162,Phase,2
0303-1010-1013,0.041379310344827586,0,0.8238086263939162,Phase,2
0303-1010-1013-1103,0.008620689655172414,0,0.8238086263939162,Phase,2
0303-1010-1013-1203,2.8735632183908046e-4,0,0.8238086263939162,Phase,2
0303-1010-1103,0.003735632183908046,0,0.8238086263939162,Phase,2
0303-1010-1113,2.8735632183908046e-4,0,0.8238086263939162,Phase,2
0303-1011-1013,2.8735632183908046e-4,0,0.8238086263939162,Phase,2
0303-1013,0.05632183908045977,2.8735632183908046e-4,0.8238086263939162,Phase,2
0303-1013-1103,0.0028735632183908046,0,0.8238086263939162,Phase,2
0303-1013-1203,2.8735632183908046e-4,0,0.8238086263939162,Phase,2
0303-1101,2.8735632183908046e-4,0,0.8238086263939162,Phase,2
0303-1103,0.003160919540229885,0,0.8238086263939162,Phase,2
0303-1110,2.8735632183908046e-4,0,0.8238086263939162,Phase,2
0303-1113,8.620689655172414e-4,0,0.8238086263939162,Phase,2
0310-0311,5.747126436781609e-4,0.0011494252873563218,0.8238086263939162,Phase,2
0310-0311-1010-1011,0.003735632183908046,0,0.8238086263939162,Phase,2
0310-0311-1110,2.8735632183908046e-4,0,0.8238086263939162,Phase,2
0310-0311-1110-1111,2.8735632183908046e-4,0,0.8238086263939162,Phase,2
0310-0312,2.8735632183908046e-4,2.8735632183908046e-4,0.8238086263939162,Phase,2
0310-0312-1010,0.0011494252873563218,0,0.8238086263939162,Phase,2
0310-0312-1010-1012,0.0011494252873563218,0,0.8238086263939162,Phase,2
0310-0312-1010-1112,5.747126436781609e-4,0,0.8238086263939162,Phase,2
0310-0313,5.747126436781609e-4,2.8735632183908046e-4,0.8238086263939162,Phase,2
0310-0313-1010,0.0011494252873563218,0,0.8238086263939162,Phase,2
0310-0313-1010-1013,0.0022988505747126436,0,0.8238086263939162,Phase,2
0310-0313-1010-1013-1213,2.8735632183908046e-4,0,0.8238086263939162,Phase,2
0310-0313-1010-1113,2.8735632183908046e-4,0,0.8238086263939162,Phase,2
0310-0402,0,5.747126436781609e-4,0.8238086263939162,Phase,2
0310-0403,0,0.021551724137931036,0.8238086263939162,Phase,2
0310-0412,0,2.8735632183908046e-4,0.8238086263939162,Phase,2
0310-0413,0,5.747126436781609e-4,0.8238086263939162,Phase,2
0310-1010,0.020114942528735632,0.014367816091954023,0.8238086263939162,Phase,2
0310-1010-1011,5.747126436781609e-4,0,0.8238086263939162,Phase,2
0310-1010-1110,2.8735632183908046e-4,0,0.8238086263939162,Phase,2
0310-1010-1210,5.747126436781609e-4,0,0.8238086263939162,Phase,2
0310-1110,0,0.0017241379310344827,0.8238086263939162,Phase,2
0311,2.8735632183908046e-4,0,0.8238086263939162,Phase,2
0311-0312-1011-1012,2.8735632183908046e-4,0,0.8238086263939162,Phase,2
0311-0313,5.747126436781609e-4,2.8735632183908046e-4,0.8238086263939162,Phase,2
0311-0313-1011-1013,0.0017241379310344827,0,0.8238086263939162,Phase,2
0311-0403,0,0.004885057471264368,0.8238086263939162,Phase,2
0311-1010-1011,5.747126436781609e-4,0,0.8238086263939162,Phase,2
0311-1011,0.0011494252873563218,2.8735632183908046e-4,0.8238086263939162,Phase,2
0311-1111,0,2.8735632183908046e-4,0.8238086263939162,Phase,2
0312,2.8735632183908046e-4,0,0.8238086263939162,Phase,2
0312-0313,2.8735632183908046e-4,0,0.8238086263939162,Phase,2
0312-0313-1012-1013,5.747126436781609e-4,0,0.8238086263939162,Phase,2
0312-1010,2.8735632183908046e-4,5.747126436781609e-4,0.8238086263939162,Phase,2
0312-1010-1012,0.00632183908045977,0,0.8238086263939162,Phase,2
0312-1010-1112,5.747126436781609e-4,0,0.8238086263939162,Phase,2
0313-0403,0,0.004022988505747126,0.8238086263939162,Phase,2
0313-1010,0.0011494252873563218,0.002011494252873563,0.8238086263939162,Phase,2
0313-1010-1013,0.017241379310344827,0,0.8238086263939162,Phase,2
0313-1010-1013-1213,2.8735632183908046e-4,0,0.8238086263939162,Phase,2
0313-1010-1113,0.0014367816091954023,0,0.8238086263939162,Phase,2
0313-1011,0,5.747126436781609e-4,0.8238086263939162,Phase,2
0313-1011-1013,0.0017241379310344827,0,0.8238086263939162,Phase,2
0313-1011-1013-1213,2.8735632183908046e-4,0,0.8238086263939162,Phase,2
0313-1013,0.007183908045977011,0.0017241379310344827,0.8238086263939162,Phase,2
0313-1013-1213,2.8735632183908046e-4,0,0.8238086263939162,Phase,2
0313-1110,0,2.8735632183908046e-4,0.8238086263939162,Phase,2
0313-1113,0,0.0011494252873563218,0.8238086263939162,Phase,2
0400-0401,0,5.747126436781609e-4,0.8238086263939162,Phase,2
0400-0402,0,8.620689655172414e-4,0.8238086263939162,Phase,2
0400-0403,0,0.029022988505747128,0.8238086263939162,Phase,2
0400-1000,0,2.8735632183908046e-4,0.8238086263939162,Phase,2
0400-1010,0,0.021839080459770115,0.8238086263939162,Phase,2
0400-1110,0,0.002011494252873563,0.8238086263939162,Phase,2
0400-1200,0,0.002011494252873563,0.8238086263939162,Phase,2
0400-1300,0,5.747126436781609e-4,0.8238086263939162,Phase,2
0401-0402,0,2.8735632183908046e-4,0.8238086263939162,Phase,2
0401-0403,0,0.022988505747126436,0.8238086263939162,Phase,2
0401-1011,0,5.747126436781609e-4,0.8238086263939162,Phase,2
0401-1111,0,2.8735632183908046e-4,0.8238086263939162,Phase,2
0402-0403,0,0.01235632183908046,0.8238086263939162,Phase,2
0403-0410,0,0.008620689655172414,0.8238086263939162,Phase,2
0403-0411,0,0.011494252873563218,0.8238086263939162,Phase,2
0403-1000,0,2.8735632183908046e-4,0.8238086263939162,Phase,2
0403-1010,0,0.15488505747126438,0.8238086263939162,Phase,2
0403-1013,0,0.02959770114942529,0.8238086263939162,Phase,2
0403-1101,0,0.0017241379310344827,0.8238086263939162,Phase,2
0403-1103,0,0.011494252873563218,0.8238086263939162,Phase,2
0403-1110,0,0.01235632183908046,0.8238086263939162,Phase,2
0403-1111,0,5.747126436781609e-4,0.8238086263939162,Phase,2
0403-1113,0,0.017241379310344827,0.8238086263939162,Phase,2
0403-1200,0,0.0014367816091954023,0.8238086263939162,Phase,2
0403-1201,0,8.620689655172414e-4,0.8238086263939162,Phase,2
0403-1203,0,0.01752873563218391,0.8238086263939162,Phase,2
0403-1210,0,0.004022988505747126,0.8238086263939162,Phase,2
0403-1211,0,5.747126436781609e-4,0.8238086263939162,Phase,2
0403-1213,0,0.002011494252873563,0.8238086263939162,Phase,2
0403-1300,0,2.8735632183908046e-4,0.8238086263939162,Phase,2
0403-1303,0,0.004022988505747126,0.8238086263939162,Phase,2
0403-1311,0,2.8735632183908046e-4,0.8238086263939162,Phase,2
0410-0412,0,2.8735632183908046e-4,0.8238086263939162,Phase,2
0410-1010,0,8.620689655172414e-4,0.8238086263939162,Phase,2
0411-0413,0,8.620689655172414e-4,0.8238086263939162,Phase,2
0411-1111,0,8.620689655172414e-4,0.8238086263939162,Phase,2
0411-1211,0,2.8735632183908046e-4,0.8238086263939162,Phase,2
0412-0413,0,2.8735632183908046e-4,0.8238086263939162,Phase,2
0412-1010,0,0.0011494252873563218,0.8238086263939162,Phase,2
0412-1212,0,2.8735632183908046e-4,0.8238086263939162,Phase,2
0413-1010,0,0.0022988505747126436,0.8238086263939162,Phase,2
0413-1013,0,5.747126436781609e-4,0.8238086263939162,Phase,2
0413-1110,0,5.747126436781609e-4,0.8238086263939162,Phase,2
0413-1113,0,0.0022988505747126436,0.8238086263939162,Phase,2
0413-1210,0,2.8735632183908046e-4,0.8238086263939162,Phase,2
0413-1213,0,8.620689655172414e-4,0.8238086263939162,Phase,2
1000-1003-1300-1303,5.747126436781609e-4,0,0.8238086263939162,Phase,2
1000-1003-1303,5.747126436781609e-4,0,0.8238086263939162,Phase,2
1000-1203,0,2.8735632183908046e-4,0.8238086263939162,Phase,2
1000-1300,2.8735632183908046e-4,0,0.8238086263939162,Phase,2
1000-1300-1303,5.747126436781609e-4,0,0.8238086263939162,Phase,2
1000-1303,0,2.8735632183908046e-4,0.8238086263939162,Phase,2
1001-1003-1303,0.002011494252873563,0,0.8238086263939162,Phase,2
1001-1103,0,0.0011494252873563218,0.8238086263939162,Phase,2
1001-1103-1303,0.002011494252873563,0,0.8238086263939162,Phase,2
1001-1201-1303,2.8735632183908046e-4,0,0.8238086263939162,Phase,2
1001-1203,2.8735632183908046e-4,0.0017241379310344827,0.8238086263939162,Phase,2
1001-1203-1303,2.8735632183908046e-4,0,0.8238086263939162,Phase,2
1001-1301-1303,0.002586206896551724,0,0.8238086263939162,Phase,2
1001-1303,0.0014367816091954023,8.620689655172414e-4,0.8238086263939162,Phase,2
1001-1403,0,8.620689655172414e-4,0.8238086263939162,Phase,2
1002-1003-1302-1303,2.8735632183908046e-4,0,0.8238086263939162,Phase,2
1002-1010,0.002011494252873563,0.003735632183908046,0.8238086263939162,Phase,2
1002-1010-1300-1302,2.8735632183908046e-4,0,0.8238086263939162,Phase,2
1002-1010-1302,2.8735632183908046e-4,0,0.8238086263939162,Phase,2
1003-1010,0.002011494252873563,0.0017241379310344827,0.8238086263939162,Phase,2
1003-1010-1200-1303,5.747126436781609e-4,0,0.8238086263939162,Phase,2
1003-1010-1203,2.8735632183908046e-4,0,0.8238086263939162,Phase,2
1003-1010-1300-1303,0.0014367816091954023,0,0.8238086263939162,Phase,2
1003-1010-1303,0.029022988505747128,0,0.8238086263939162,Phase,2
1003-1011-1301-1303,0.0014367816091954023,0,0.8238086263939162,Phase,2
1003-1011-1303,8.620689655172414e-4,0,0.8238086263939162,Phase,2
1003-1303,2.8735632183908046e-4,0,0.8238086263939162,Phase,2
1010,0.029885057471264367,0,0.8238086263939162,Phase,2
1010-1011,0.016091954022988506,0.02528735632183908,0.8238086263939162,Phase,2
1010-1011-1311,2.8735632183908046e-4,0,0.8238086263939162,Phase,2
1010-1012,0.004885057471264368,0.01695402298850575,0.8238086263939162,Phase,2
1010-1012-1102-1302,5.747126436781609e-4,0,0.8238086263939162,Phase,2
1010-1012-1200-1302,2.8735632183908046e-4,0,0.8238086263939162,Phase,2
1010-1012-1212,2.8735632183908046e-4,0,0.8238086263939162,Phase,2
1010-1012-1300-1302,2.8735632183908046e-4,0,0.8238086263939162,Phase,2
1010-1012-1302,8.620689655172414e-4,0,0.8238086263939162,Phase,2
1010-1012-1310-1312,2.8735632183908046e-4,0,0.8238086263939162,Phase,2
1010-1012-1312,8.620689655172414e-4,0,0.8238086263939162,Phase,2
1010-1013,0.009195402298850575,0.03936781609195402,0.8238086263939162,Phase,2
1010-1013-1100-1300-1303,5.747126436781609e-4,0,0.8238086263939162,Phase,2
1010-1013-1103-1303,0.0028735632183908046,0,0.8238086263939162,Phase,2
1010-1013-1113-1303,0.0014367816091954023,0,0.8238086263939162,Phase,2
1010-1013-1200-1303,2.8735632183908046e-4,0,0.8238086263939162,Phase,2
1010-1013-1203,2.8735632183908046e-4,0,0.8238086263939162,Phase,2
1010-1013-1203-1303,0.0028735632183908046,0,0.8238086263939162,Phase,2
1010-1013-1210-1303,5.747126436781609e-4,0,0.8238086263939162,Phase,2
1010-1013-1210-1313,2.8735632183908046e-4,0,0.8238086263939162,Phase,2
1010-1013-1213,5.747126436781609e-4,0,0.8238086263939162,Phase,2
1010-1013-1213-1303,0.0034482758620689655,0,0.8238086263939162,Phase,2
1010-1013-1300-1303,5.747126436781609e-4,0,0.8238086263939162,Phase,2
1010-1013-1303,0.06235632183908046,0,0.8238086263939162,Phase,2
1010-1013-1303-1310,0.0011494252873563218,0,0.8238086263939162,Phase,2
1010-1013-1310-1313,2.8735632183908046e-4,0,0.8238086263939162,Phase,2
1010-1013-1313,0.003160919540229885,0,0.8238086263939162,Phase,2
1010-1100,0,0.0028735632183908046,0.8238086263939162,Phase,2
1010-1100-1300-1303,5.747126436781609e-4,0,0.8238086263939162,Phase,2
1010-1102,0,0.0017241379310344827,0.8238086263939162,Phase,2
1010-1103,0,0.014942528735632184,0.8238086263939162,Phase,2
1010-1103-1300-1303,0.0017241379310344827,0,0.8238086263939162,Phase,2
1010-1103-1303,0.010057471264367816,0,0.8238086263939162,Phase,2
1010-1110-1300,2.8735632183908046e-4,0,0.8238086263939162,Phase,2
1010-1112,8.620689655172414e-4,0.005459770114942529,0.8238086263939162,Phase,2
1010-1112-1210-1312,2.8735632183908046e-4,0,0.8238086263939162,Phase,2
1010-1112-1312,5.747126436781609e-4,0,0.8238086263939162,Phase,2
1010-1113,0,0.03189655172413793,0.8238086263939162,Phase,2
1010-1113-1303,0.002586206896551724,0,0.8238086263939162,Phase,2
1010-1113-1313,2.8735632183908046e-4,0,0.8238086263939162,Phase,2
1010-1200,2.8735632183908046e-4,0.004597701149425287,0.8238086263939162,Phase,2
1010-1200-1300-1303,2.8735632183908046e-4,0,0.8238086263939162,Phase,2
1010-1200-1303,8.620689655172414e-4,0,0.8238086263939162,Phase,2
1010-1202,0,2.8735632183908046e-4,0.8238086263939162,Phase,2
1010-1203,0,0.029885057471264367,0.8238086263939162,Phase,2
1010-1203-1303,0.0011494252873563218,0,0.8238086263939162,Phase,2
1010-1210-1300-1303,2.8735632183908046e-4,0,0.8238086263939162,Phase,2
1010-1210-1303,5.747126436781609e-4,0,0.8238086263939162,Phase,2
1010-1212,0,0.002011494252873563,0.8238086263939162,Phase,2
1010-1213,2.8735632183908046e-4,0.0066091954022988505,0.8238086263939162,Phase,2
1010-1300,0.0028735632183908046,0.0011494252873563218,0.8238086263939162,Phase,2
1010-1300-1302,5.747126436781609e-4,0,0.8238086263939162,Phase,2
1010-1300-1303,0.013793103448275862,0,0.8238086263939162,Phase,2
1010-1303,0.03735632183908046,0.0382183908045977,0.8238086263939162,Phase,2
1010-1303-1310,0.0011494252873563218,0,0.8238086263939162,Phase,2
1010-1310,2.8735632183908046e-4,0,0.8238086263939162,Phase,2
1010-1313,2.8735632183908046e-4,8.620689655172414e-4,0.8238086263939162,Phase,2
1010-1400,0,2.8735632183908046e-4,0.8238086263939162,Phase,2
1010-1403,0,0.04310344827586207,0.8238086263939162,Phase,2
1011-1012,2.8735632183908046e-4,8.620689655172414e-4,0.8238086263939162,Phase,2
1011-1013,8.620689655172414e-4,0.00603448275862069,0.8238086263939162,Phase,2
1011-1013-1111-1303,2.8735632183908046e-4,0,0.8238086263939162,Phase,2
1011-1013-1113-1303,2.8735632183908046e-4,0,0.8238086263939162,Phase,2
1011-1013-1203-1303,2.8735632183908046e-4,0,0.8238086263939162,Phase,2
1011-1013-1211-1213-1303,2.8735632183908046e-4,0,0.8238086263939162,Phase,2
1011-1013-1211-1213-1303-1311,2.8735632183908046e-4,0,0.8238086263939162,Phase,2
1011-1013-1211-1303,5.747126436781609e-4,0,0.8238086263939162,Phase,2
1011-1013-1213,2.8735632183908046e-4,0,0.8238086263939162,Phase,2
1011-1013-1213-1301-1303,2.8735632183908046e-4,0,0.8238086263939162,Phase,2
1011-1013-1301-1303,0.0017241379310344827,0,0.8238086263939162,Phase,2
1011-1013-1303,0.00603448275862069,0,0.8238086263939162,Phase,2
1011-1013-1303-1311,0.002011494252873563,0,0.8238086263939162,Phase,2
1011-1013-1311-1313,2.8735632183908046e-4,0,0.8238086263939162,Phase,2
1011-1103,0,0.0014367816091954023,0.8238086263939162,Phase,2
1011-1103-1301-1303,5.747126436781609e-4,0,0.8238086263939162,Phase,2
1011-1103-1303,5.747126436781609e-4,0,0.8238086263939162,Phase,2
1011-1113,0,0.0034482758620689655,0.8238086263939162,Phase,2
1011-1113-1201-1301-1303,2.8735632183908046e-4,0,0.8238086263939162,Phase,2
1011-1113-1303,2.8735632183908046e-4,0,0.8238086263939162,Phase,2
1011-1203,0,5.747126436781609e-4,0.8238086263939162,Phase,2
1011-1211-1301-1303,2.8735632183908046e-4,0,0.8238086263939162,Phase,2
1011-1213,0,5.747126436781609e-4,0.8238086263939162,Phase,2
1011-1301,2.8735632183908046e-4,0,0.8238086263939162,Phase,2
1011-1301-1303,0.0022988505747126436,0,0.8238086263939162,Phase,2
1011-1303,0,8.620689655172414e-4,0.8238086263939162,Phase,2
1011-1303-1311,2.8735632183908046e-4,0,0.8238086263939162,Phase,2
1011-1403,0,2.8735632183908046e-4,0.8238086263939162,Phase,2
1012,2.8735632183908046e-4,0,0.8238086263939162,Phase,2
1012-1013,0,5.747126436781609e-4,0.8238086263939162,Phase,2
1012-1013-1302-1303,0.0011494252873563218,0,0.8238086263939162,Phase,2
1012-1113-1302-1303,2.8735632183908046e-4,0,0.8238086263939162,Phase,2
1012-1202,0,2.8735632183908046e-4,0.8238086263939162,Phase,2
1012-1302,2.8735632183908046e-4,0,0.8238086263939162,Phase,2
1013,8.620689655172414e-4,0,0.8238086263939162,Phase,2
1013-1103-1303,5.747126436781609e-4,0,0.8238086263939162,Phase,2
1013-1110-1303,5.747126436781609e-4,0,0.8238086263939162,Phase,2
1013-1110-1313,2.8735632183908046e-4,0,0.8238086263939162,Phase,2
1013-1111-1301-1303,2.8735632183908046e-4,0,0.8238086263939162,Phase,2
1013-1203,0,0.0017241379310344827,0.8238086263939162,Phase,2
1013-1213-1303,2.8735632183908046e-4,0,0.8238086263939162,Phase,2
1013-1303,0.011494252873563218,0.0028735632183908046,0.8238086263939162,Phase,2
1013-1313,2.8735632183908046e-4,0,0.8238086263939162,Phase,2
1013-1403,0,5.747126436781609e-4,0.8238086263939162,Phase,2
1100-1101,0,2.8735632183908046e-4,0.8238086263939162,Phase,2
1100-1103,0,2.8735632183908046e-4,0.8238086263939162,Phase,2
1100-1203,0,2.8735632183908046e-4,0.8238086263939162,Phase,2
1100-1403,0,2.8735632183908046e-4,0.8238086263939162,Phase,2
1101-1203,0,0.0011494252873563218,0.8238086263939162,Phase,2
1101-1303,0,8.620689655172414e-4,0.8238086263939162,Phase,2
1101-1403,0,8.620689655172414e-4,0.8238086263939162,Phase,2
1102-1103,0,2.8735632183908046e-4,0.8238086263939162,Phase,2
1102-1103-1302-1303,5.747126436781609e-4,0,0.8238086263939162,Phase,2
1102-1110,0,2.8735632183908046e-4,0.8238086263939162,Phase,2
1103-1111,0,2.8735632183908046e-4,0.8238086263939162,Phase,2
1103-1303,2.8735632183908046e-4,0,0.8238086263939162,Phase,2
1110-1111,0,0.003160919540229885,0.8238086263939162,Phase,2
1110-1112,0,0.0011494252873563218,0.8238086263939162,Phase,2
1110-1113,0,0.0022988505747126436,0.8238086263939162,Phase,2
1110-1202,0,5.747126436781609e-4,0.8238086263939162,Phase,2
1110-1203,0,8.620689655172414e-4,0.8238086263939162,Phase,2
1110-1213,0,0.0014367816091954023,0.8238086263939162,Phase,2
1110-1300,0,5.747126436781609e-4,0.8238086263939162,Phase,2
1110-1300-1303,2.8735632183908046e-4,0,0.8238086263939162,Phase,2
1110-1303,8.620689655172414e-4,0.0014367816091954023,0.8238086263939162,Phase,2
1110-1303-1310,5.747126436781609e-4,0,0.8238086263939162,Phase,2
1110-1313,2.8735632183908046e-4,2.8735632183908046e-4,0.8238086263939162,Phase,2
1110-1400,0,2.8735632183908046e-4,0.8238086263939162,Phase,2
1110-1402,0,2.8735632183908046e-4,0.8238086263939162,Phase,2
1110-1403,0,0.006896551724137931,0.8238086263939162,Phase,2
1110-1413,0,2.8735632183908046e-4,0.8238086263939162,Phase,2
1111-1113,0,0.004022988505747126,0.8238086263939162,Phase,2
1111-1203,0,0.0011494252873563218,0.8238086263939162,Phase,2
1111-1301-1303,5.747126436781609e-4,0,0.8238086263939162,Phase,2
1111-1303,2.8735632183908046e-4,0.0011494252873563218,0.8238086263939162,Phase,2
1111-1303-1311,5.747126436781609e-4,0,0.8238086263939162,Phase,2
1112-1113,0,8.620689655172414e-4,0.8238086263939162,Phase,2
1112-1302,2.8735632183908046e-4,0,0.8238086263939162,Phase,2
1113-1303,5.747126436781609e-4,0.0017241379310344827,0.8238086263939162,Phase,2
1113-1403,0,0.0022988505747126436,0.8238086263939162,Phase,2
1200-1202,0,2.8735632183908046e-4,0.8238086263939162,Phase,2
1200-1203,0,2.8735632183908046e-4,0.8238086263939162,Phase,2
1200-1303,0,2.8735632183908046e-4,0.8238086263939162,Phase,2
1200-1402,0,2.8735632183908046e-4,0.8238086263939162,Phase,2
1200-1403,0,2.8735632183908046e-4,0.8238086263939162,Phase,2
1201-1303,2.8735632183908046e-4,8.620689655172414e-4,0.8238086263939162,Phase,2
1201-1403,0,0.0014367816091954023,0.8238086263939162,Phase,2
1202-1203,0,5.747126436781609e-4,0.8238086263939162,Phase,2
1203-1211,0,2.8735632183908046e-4,0.8238086263939162,Phase,2
1210-1211,0,2.8735632183908046e-4,0.8238086263939162,Phase,2
1210-1212,0,2.8735632183908046e-4,0.8238086263939162,Phase,2
1210-1213,0,2.8735632183908046e-4,0.8238086263939162,Phase,2
1210-1303,0,2.8735632183908046e-4,0.8238086263939162,Phase,2
1210-1313,0,2.8735632183908046e-4,0.8238086263939162,Phase,2
1210-1403,0,0.004022988505747126,0.8238086263939162,Phase,2
1211-1213,0,5.747126436781609e-4,0.8238086263939162,Phase,2
1211-1303,0,2.8735632183908046e-4,0.8238086263939162,Phase,2
1211-1401,0,2.8735632183908046e-4,0.8238086263939162,Phase,2
1211-1403,0,0.002011494252873563,0.8238086263939162,Phase,2
1212-1213,0,2.8735632183908046e-4,0.8238086263939162,Phase,2
1213-1403,0,8.620689655172414e-4,0.8238086263939162,Phase,2
1300-1302,2.8735632183908046e-4,0,0.8238086263939162,Phase,2
1300-1303,2.8735632183908046e-4,8.620689655172414e-4,0.8238086263939162,Phase,2
1300-1403,0,0.0014367816091954023,0.8238086263939162,Phase,2
1301-1303,0.0011494252873563218,5.747126436781609e-4,0.8238086263939162,Phase,2
1301-1403,0,5.747126436781609e-4,0.8238086263939162,Phase,2
1302-1303,0.0017241379310344827,5.747126436781609e-4,0.8238086263939162,Phase,2
1303,0.002011494252873563,0,0.8238086263939162,Phase,2
1303-1310,0.0011494252873563218,0,0.8238086263939162,Phase,2
1303-1311,2.8735632183908046e-4,2.8735632183908046e-4,0.8238086263939162,Phase,2
1310-1311,2.8735632183908046e-4,0,0.8238086263939162,Phase,2
1310-1403,0,2.8735632183908046e-4,0.8238086263939162,Phase,2
1311-1313,0,2.8735632183908046e-4,0.8238086263939162,Phase,2
1311-1403,0,8.620689655172414e-4,0.8238086263939162,Phase,2
1313-1403,0,8.620689655172414e-4,0.8238086263939162,Phase,2
1400-1402,0,2.8735632183908046e-4,0.8238086263939162,Phase,2
1400-1403,0,8.620689655172414e-4,0.8238086263939162,Phase,2
1401-1403,0,0.0022988505747126436,0.8238086263939162,Phase,2
1402-1403,0,0.0022988505747126436,0.8238086263939162,Phase,2
1403-1410,0,2.8735632183908046e-4,0.8238086263939162,Phase,2
Monostable,0.05459770114942529,0,0.027851577807441234,monoMulti,2
Multistable,0.9454022988505747,1,0.027851577807441234,monoMulti,2
1,0.05459770114942529,0,0.43381176371923047,nState,2
2,0.35919540229885055,1,0.43381176371923047,nState,2
3,0.4160919540229885,0,0.43381176371923047,nState,2
4,0.15517241379310345,0,0.43381176371923047,nState,2
5,0.011781609195402299,0,0.43381176371923047,nState,2
6,0.003160919540229885,0,0.43381176371923047,nState,2
0010,0.017977528089887642,0.012734082397003745,0.5696565938086993,Phase,1
0010-0100-0300,7.49063670411985e-4,0,0.5696565938086993,Phase,1
0010-0210,0.0022471910112359553,0,0.5696565938086993,Phase,1
0010-0300,0.008988764044943821,0,0.5696565938086993,Phase,1
0010-0310,0.009737827715355805,0,0.5696565938086993,Phase,1
0013-0303,0.00599250936329588,0,0.5696565938086993,Phase,1
0110,0,0.014232209737827715,0.5696565938086993,Phase,1
0110-0300-1010,7.49063670411985e-4,0,0.5696565938086993,Phase,1
0110-0310,0.0022471910112359553,0,0.5696565938086993,Phase,1
0110-0310-1010,0.0022471910112359553,0,0.5696565938086993,Phase,1
0113-0303-1013,0.00299625468164794,0,0.5696565938086993,Phase,1
0113-0313,7.49063670411985e-4,0,0.5696565938086993,Phase,1
0113-0313-1013,7.49063670411985e-4,0,0.5696565938086993,Phase,1
0200,0,7.49063670411985e-4,0.5696565938086993,Phase,1
0201,0,7.49063670411985e-4,0.5696565938086993,Phase,1
0203,0,7.49063670411985e-4,0.5696565938086993,Phase,1
0210,0,0.011235955056179775,0.5696565938086993,Phase,1
0210-0300-1010,0.0052434456928838954,0,0.5696565938086993,Phase,1
0210-0310,7.49063670411985e-4,0,0.5696565938086993,Phase,1
0210-1010,0.00599250936329588,0,0.5696565938086993,Phase,1
0213,0,0.0022471910112359553,0.5696565938086993,Phase,1
0213-0313-1013,7.49063670411985e-4,0,0.5696565938086993,Phase,1
0300,0.0022471910112359553,0.00149812734082397,0.5696565938086993,Phase,1
0300-0310-1010,7.49063670411985e-4,0,0.5696565938086993,Phase,1
0300-1000,0.00149812734082397,0,0.5696565938086993,Phase,1
0300-1010,0.07191011235955057,0,0.5696565938086993,Phase,1
0300-1010-1200,0.0044943820224719105,0,0.5696565938086993,Phase,1
0300-1010-1300,7.49063670411985e-4,0,0.5696565938086993,Phase,1
0301,7.49063670411985e-4,0,0.5696565938086993,Phase,1
0301-1011,0.0022471910112359553,0,0.5696565938086993,Phase,1
0302,0.00149812734082397,0,0.5696565938086993,Phase,1
0302-1012,7.49063670411985e-4,0,0.5696565938086993,Phase,1
0303,0.1842696629213483,0,0.5696565938086993,Phase,1
0303-1003,0.038202247191011236,0,0.5696565938086993,Phase,1
0303-1013,0.06441947565543071,0,0.5696565938086993,Phase,1
0303-1013-1103,0.00599250936329588,0,0.5696565938086993,Phase,1
0303-1103,0.006741573033707865,0,0.5696565938086993,Phase,1
0310,0.00149812734082397,0.01348314606741573,0.5696565938086993,Phase,1
0310-1010,0.07565543071161049,0,0.5696565938086993,Phase,1
0310-1010-1210,7.49063670411985e-4,0,0.5696565938086993,Phase,1
0310-1010-1310,7.49063670411985e-4,0,0.5696565938086993,Phase,1
0310-1110,0.003745318352059925,0,0.5696565938086993,Phase,1
0311,0,0.00149812734082397,0.5696565938086993,Phase,1
0311-1011,0.0044943820224719105,0,0.5696565938086993,Phase,1
0312,7.49063670411985e-4,7.49063670411985e-4,0.5696565938086993,Phase,1
0312-1012,7.49063670411985e-4,0,0.5696565938086993,Phase,1
0313,0.006741573033707865,0.0022471910112359553,0.5696565938086993,Phase,1
0313-1013,0.01198501872659176,0,0.5696565938086993,Phase,1
0313-1013-1213,7.49063670411985e-4,0,0.5696565938086993,Phase,1
0313-1113,7.49063670411985e-4,0,0.5696565938086993,Phase,1
0400,0,0.008239700374531835,0.5696565938086993,Phase,1
0401,0,7.49063670411985e-4,0.5696565938086993,Phase,1
0402,0,0.0022471910112359553,0.5696565938086993,Phase,1
0403,0,0.3048689138576779,0.5696565938086993,Phase,1
0410,0,0.00599250936329588,0.5696565938086993,Phase,1
0411,0,0.00149812734082397,0.5696565938086993,Phase,1
0413,0,0.008988764044943821,0.5696565938086993,Phase,1
1000,7.49063670411985e-4,7.49063670411985e-4,0.5696565938086993,Phase,1
1003,0,7.49063670411985e-4,0.5696565938086993,Phase,1
1003-1303,0.015730337078651686,0,0.5696565938086993,Phase,1
1010,0.29138576779026215,0.43820224719101125,0.5696565938086993,Phase,1
1010-1100-1300,7.49063670411985e-4,0,0.5696565938086993,Phase,1
1010-1110-1300,7.49063670411985e-4,0,0.5696565938086993,Phase,1
1010-1200,0.0022471910112359553,0,0.5696565938086993,Phase,1
1010-1300,0.011235955056179775,0,0.5696565938086993,Phase,1
1010-1310,0.00149812734082397,0,0.5696565938086993,Phase,1
1011,0.00299625468164794,0.0052434456928838954,0.5696565938086993,Phase,1
1012,0.00149812734082397,0.0022471910112359553,0.5696565938086993,Phase,1
1013,0.0052434456928838954,0.020973782771535582,0.5696565938086993,Phase,1
1013-1103-1303,0.003745318352059925,0,0.5696565938086993,Phase,1
1013-1203-1303,0.00149812734082397,0,0.5696565938086993,Phase,1
1013-1213-1303,7.49063670411985e-4,0,0.5696565938086993,Phase,1
1013-1303,0.03745318352059925,0,0.5696565938086993,Phase,1
1013-1313,0.00149812734082397,0,0.5696565938086993,Phase,1
1100,0,0.00149812734082397,0.5696565938086993,Phase,1
1103,0,0.0052434456928838954,0.5696565938086993,Phase,1
1103-1303,0.0052434456928838954,0,0.5696565938086993,Phase,1
1110,0,0.017228464419475654,0.5696565938086993,Phase,1
1110-1300,7.49063670411985e-4,0,0.5696565938086993,Phase,1
1111,0,7.49063670411985e-4,0.5696565938086993,Phase,1
1112-1202-1302,7.49063670411985e-4,0,0.5696565938086993,Phase,1
1113,0,0.015730337078651686,0.5696565938086993,Phase,1
1113-1303,0.00299625468164794,0,0.5696565938086993,Phase,1
1200,0,7.49063670411985e-4,0.5696565938086993,Phase,1
1203,0,0.01647940074906367,0.5696565938086993,Phase,1
1203-1303,0.00149812734082397,0,0.5696565938086993,Phase,1
1210,0,0.0044943820224719105,0.5696565938086993,Phase,1
1213,0,0.0052434456928838954,0.5696565938086993,Phase,1
1300,7.49063670411985e-4,0,0.5696565938086993,Phase,1
1302,0,7.49063670411985e-4,0.5696565938086993,Phase,1
1303,0.044194756554307116,0.029213483146067417,0.5696565938086993,Phase,1
1310,0.00149812734082397,0,0.5696565938086993,Phase,1
1400,0,7.49063670411985e-4,0.5696565938086993,Phase,1
1403,0,0.038202247191011236,0.5696565938086993,Phase,1
1410,0,7.49063670411985e-4,0.5696565938086993,Phase,1
Monostable,0.5640449438202247,1,0.2623911662200586,monoMulti,1
Multistable,0.43595505617977526,0,0.2623911662200586,monoMulti,1
1,0.5640449438202247,1,0.26239116622005865,nState,1
2,0.4,0,0.26239116622005865,nState,1
3,0.035955056179775284,0,0.26239116622005865,nState,1
0110-0112-0302-1010-1012,0,0.008064516129032258,0.9888915826525664,Phase,5
0110-0112-0402-1010-1012,0,0.008064516129032258,0.9888915826525664,Phase,5
0110-0113-0300-0303-1010-1013,0.008064516129032258,0,0.9888915826525664,Phase,5
0110-0213-0400-0403-1010,0,0.008064516129032258,0.9888915826525664,Phase,5
0110-0213-0403-1010-1013,0,0.0967741935483871,0.9888915826525664,Phase,5
0110-0300-0403-1010-1013,0,0.03225806451612903,0.9888915826525664,Phase,5
0110-0313-0403-1010-1013,0,0.016129032258064516,0.9888915826525664,Phase,5
0111-0213-0403-1011-1013,0,0.024193548387096774,0.9888915826525664,Phase,5
0111-0313-0403-1011-1013,0,0.008064516129032258,0.9888915826525664,Phase,5
0112-0300-0302-1010-1012,0.008064516129032258,0,0.9888915826525664,Phase,5
0113-0300-0303-1010-1013,0.016129032258064516,0,0.9888915826525664,Phase,5
0113-0301-0303-1011-1013,0.016129032258064516,0.008064516129032258,0.9888915826525664,Phase,5
0113-0303-0311-1011-1013,0.008064516129032258,0,0.9888915826525664,Phase,5
0113-0303-1010-1013,0.016129032258064516,0,0.9888915826525664,Phase,5
0210-0212-0302-1010-1012,0.008064516129032258,0,0.9888915826525664,Phase,5
0210-0212-0400-0402-1010,0,0.008064516129032258,0.9888915826525664,Phase,5
0210-0212-0402-1010-1012,0,0.016129032258064516,0.9888915826525664,Phase,5
0210-0213-0400-0403-1010,0,0.024193548387096774,0.9888915826525664,Phase,5
0210-0213-0403-1010-1013,0,0.03225806451612903,0.9888915826525664,Phase,5
0210-0300-0303-1010-1013,0.016129032258064516,0,0.9888915826525664,Phase,5
0210-0302-1010-1012-1102,0,0.008064516129032258,0.9888915826525664,Phase,5
0211-0213-0401-0403-1011,0,0.008064516129032258,0.9888915826525664,Phase,5
0211-0213-0403-1011-1013,0,0.04838709677419355,0.9888915826525664,Phase,5
0211-0301-0303-1011-1013,0.008064516129032258,0,0.9888915826525664,Phase,5
0211-0313-0401-0403-1011,0,0.016129032258064516,0.9888915826525664,Phase,5
0300-0302-1002-1010,0.024193548387096774,0,0.9888915826525664,Phase,5
0300-0302-1010,0.008064516129032258,0,0.9888915826525664,Phase,5
0300-0302-1010-1012,0.008064516129032258,0,0.9888915826525664,Phase,5
0300-0302-1010-1100-1102,0,0.008064516129032258,0.9888915826525664,Phase,5
0300-0303-0310-1010-1013,0.008064516129032258,0,0.9888915826525664,Phase,5
0300-0303-1003-1010,0.03225806451612903,0,0.9888915826525664,Phase,5
0300-0303-1003-1010-1200,0.008064516129032258,0,0.9888915826525664,Phase,5
0300-0303-1010,0.12096774193548387,0,0.9888915826525664,Phase,5
0300-0303-1010-1013,0.13709677419354838,0,0.9888915826525664,Phase,5
0300-0303-1010-1013-1103,0.008064516129032258,0,0.9888915826525664,Phase,5
0300-0303-1010-1013-1200,0.008064516129032258,0,0.9888915826525664,Phase,5
0300-0303-1010-1103,0.056451612903225805,0,0.9888915826525664,Phase,5
0300-0303-1010-1113,0.008064516129032258,0,0.9888915826525664,Phase,5
0300-0303-1010-1200,0.03225806451612903,0,0.9888915826525664,Phase,5
0300-0303-1013-1110,0.008064516129032258,0,0.9888915826525664,Phase,5
0300-0403-1010-1013-1100,0,0.016129032258064516,0.9888915826525664,Phase,5
0301-0303-1003-1011,0.024193548387096774,0,0.9888915826525664,Phase,5
0301-0303-1011,0.04838709677419355,0,0.9888915826525664,Phase,5
0301-0303-1011-1013,0.0967741935483871,0,0.9888915826525664,Phase,5
0301-0303-1011-1013-1201,0.008064516129032258,0,0.9888915826525664,Phase,5
0302-0310-1010-1012,0.008064516129032258,0,0.9888915826525664,Phase,5
0303,0.008064516129032258,0,0.9888915826525664,Phase,5
0303-0310-1010-1013,0.03225806451612903,0,0.9888915826525664,Phase,5
0303-0311-1011-1013,0.06451612903225806,0,0.9888915826525664,Phase,5
0303-0311-1011-1013-1211,0.008064516129032258,0,0.9888915826525664,Phase,5
0303-1003,0.008064516129032258,0,0.9888915826525664,Phase,5
0303-1010-1013,0.08064516129032258,0,0.9888915826525664,Phase,5
0303-1010-1103,0.008064516129032258,0,0.9888915826525664,Phase,5
0310-0400-0402-1010-1202,0,0.008064516129032258,0.9888915826525664,Phase,5
0310-0400-0403-1010-1013,0,0.008064516129032258,0.9888915826525664,Phase,5
0310-0400-0403-1010-1113,0,0.008064516129032258,0.9888915826525664,Phase,5
0310-0400-0403-1010-1203,0,0.016129032258064516,0.9888915826525664,Phase,5
0310-0400-0403-1110-1203,0,0.008064516129032258,0.9888915826525664,Phase,5
0311-0313-0403-1111-1113,0,0.016129032258064516,0.9888915826525664,Phase,5
0312-0400-0402-1010-1112,0,0.008064516129032258,0.9888915826525664,Phase,5
0313-0400-0403-1010-1013,0,0.008064516129032258,0.9888915826525664,Phase,5
0313-0400-0403-1010-1113,0,0.008064516129032258,0.9888915826525664,Phase,5
0313-0400-0403-1110-1113,0,0.008064516129032258,0.9888915826525664,Phase,5
0313-0401-0403-1011-1113,0,0.024193548387096774,0.9888915826525664,Phase,5
0400-0402-1010-1200-1202,0,0.016129032258064516,0.9888915826525664,Phase,5
0400-0403-1010-1013-1303,0,0.016129032258064516,0.9888915826525664,Phase,5
0400-0403-1010-1100-1203,0,0.03225806451612903,0.9888915826525664,Phase,5
0400-0403-1010-1100-1303,0,0.016129032258064516,0.9888915826525664,Phase,5
0400-0403-1010-1113-1303,0,0.03225806451612903,0.9888915826525664,Phase,5
0400-0403-1010-1200-1203,0,0.08064516129032258,0.9888915826525664,Phase,5
0400-0403-1010-1200-1303,0,0.10483870967741936,0.9888915826525664,Phase,5
0401-0403-1011-1013-1201,0,0.008064516129032258,0.9888915826525664,Phase,5
0401-0403-1011-1013-1303,0,0.016129032258064516,0.9888915826525664,Phase,5
0401-0403-1011-1113-1301,0,0.008064516129032258,0.9888915826525664,Phase,5
0401-0403-1011-1201-1203,0,0.04032258064516129,0.9888915826525664,Phase,5
0401-0403-1111-1113-1303,0,0.008064516129032258,0.9888915826525664,Phase,5
0401-0403-1111-1301-1303,0,0.04838709677419355,0.9888915826525664,Phase,5
0403-0411-1011-1013-1203,0,0.008064516129032258,0.9888915826525664,Phase,5
0403-0411-1111-1113-1303,0,0.008064516129032258,0.9888915826525664,Phase,5
0403-1010-1013-1100-1203,0,0.024193548387096774,0.9888915826525664,Phase,5
0403-1010-1013-1100-1303,0,0.008064516129032258,0.9888915826525664,Phase,5
0403-1010-1013-1200-1203,0,0.008064516129032258,0.9888915826525664,Phase,5
1010,0.008064516129032258,0,0.9888915826525664,Phase,5
1010-1012,0.016129032258064516,0,0.9888915826525664,Phase,5
1010-1013,0.008064516129032258,0,0.9888915826525664,Phase,5
Monostable,0.016129032258064516,0,0.00811181192415977,monoMulti,5
Multistable,0.9838709677419355,1,0.00811181192415977,monoMulti,5
1,0.016129032258064516,0,0.7105674198212791,nState,5
2,0.03225806451612903,0,0.7105674198212791,nState,5
3,0.2661290322580645,0,0.7105674198212791,nState,5
4,0.5483870967741935,0,0.7105674198212791,nState,5
5,0.12903225806451613,1,0.7105674198212791,nState,5
6,0.008064516129032258,0,0.7105674198212791,nState,5
0110-0111-0400-0401-1010-1011,0,0.034482758620689655,0.9655172413793102,Phase,6
0110-0112-0300-0302-1010-1012,0.034482758620689655,0.034482758620689655,0.9655172413793102,Phase,6
0111-0113-0401-0403-1011-1013,0,0.034482758620689655,0.9655172413793102,Phase,6
0200-0300-0302-1010-1012,0.034482758620689655,0,0.9655172413793102,Phase,6
0210-0211-0400-0401-1010-1011,0,0.13793103448275862,0.9655172413793102,Phase,6
0210-0212-0400-0402-1010-1012,0,0.06896551724137931,0.9655172413793102,Phase,6
0210-0213-0400-0403-1010-1013,0,0.10344827586206896,0.9655172413793102,Phase,6
0212-0213-0402-0403-1012-1013,0,0.06896551724137931,0.9655172413793102,Phase,6
0300-0301-1010-1011,0.2413793103448276,0,0.9655172413793102,Phase,6
0300-0301-1010-1011-1100-1101,0,0.10344827586206896,0.9655172413793102,Phase,6
0300-0302-0310-1010-1012,0.034482758620689655,0,0.9655172413793102,Phase,6
0300-0302-1010,0.034482758620689655,0,0.9655172413793102,Phase,6
0300-0302-1010-1012,0.034482758620689655,0,0.9655172413793102,Phase,6
0300-0302-1010-1012-1100-1102,0,0.034482758620689655,0.9655172413793102,Phase,6
0300-0302-1010-1012-1200-1202,0.034482758620689655,0,0.9655172413793102,Phase,6
0300-0303-1010-1013,0.1724137931034483,0,0.9655172413793102,Phase,6
0300-0303-1010-1013-1200,0.034482758620689655,0,0.9655172413793102,Phase,6
0300-1010,0.034482758620689655,0,0.9655172413793102,Phase,6
0301-0303-1011-1013,0.06896551724137931,0,0.9655172413793102,Phase,6
0302-0303-1012-1013,0.13793103448275862,0,0.9655172413793102,Phase,6
0303-1013,0.10344827586206896,0,0.9655172413793102,Phase,6
0310-0313-0400-0403-1110-1113,0,0.034482758620689655,0.9655172413793102,Phase,6
0312-0313-0402-0403-1012-1013,0,0.034482758620689655,0.9655172413793102,Phase,6
0312-0313-0402-0403-1112-1113,0,0.06896551724137931,0.9655172413793102,Phase,6
0400-0402-1010-1012-1200-1202,0,0.06896551724137931,0.9655172413793102,Phase,6
0400-0403-1010-1013-1100-1203,0,0.034482758620689655,0.9655172413793102,Phase,6
0400-0403-1010-1013-1200-1303,0,0.034482758620689655,0.9655172413793102,Phase,6
0401-0403-1011-1013-1101-1103,0,0.034482758620689655,0.9655172413793102,Phase,6
0402-0403-1012-1013-1202-1203,0,0.034482758620689655,0.9655172413793102,Phase,6
0402-0403-1112-1113-1302-1303,0,0.034482758620689655,0.9655172413793102,Phase,6
Multistable,1,1,0,monoMulti,6
2,0.13793103448275862,0,0.8155407454604563,nState,6
3,0.034482758620689655,0,0.8155407454604563,nState,6
4,0.6551724137931034,0,0.8155407454604563,nState,6
5,0.10344827586206896,0,0.8155407454604563,nState,6
6,0.06896551724137931,1,0.8155407454604563,nState,6
